8.11699039087304	0.246396743582308	0.123198371791154	0.0821322478607692	0.0615991858955769	0.0492793487164615	0.0410661239303846	0.0351995347974725	0.0307995929477885	0.0273774159535897	0.0246396743582308	0.022399703962028	0.0205330619651923	0.0189535956601775	0.0175997673987363	0.0164264495721538	0.0153997964738942	0.0144939260930769	0.0136887079767949	0.0129682496622267	0.0123198371791154	0.0117331782658242	0.011199851981014	0.0107129018948829	0.0102665309825962	0.00985586974329231	0.00947679783008876	0.00912580531786325	0.00879988369936813	0.00849643943387268	0.00821322478607692	0.00794828205104218	0.00769989823694712
5.58680307234703	0.31687927865211	0.14586203461314	0.0910601414511477	0.0646085457355184	0.0492396359417904	0.0392932987683184	0.0323825313704866	0.0273321981344576	0.0234991430688206	0.0205030160608141	0.0181051445623911	0.0161485619769752	0.0145260246181731	0.013161907244318	0.0120014403543246	0.0110040442313038	0.0101390539008616	0.00938289390605458	0.00871716178641571	0.008127297787605	0.00760164250607986	0.00713075711073454	0.00670692491703433	0.00632378051104816	0.00597603006914978	0.00565923786238562	0.00536966145384637	0.0051041231712185	0.00485990891651107	0.0046346877974798	0.00442644777516162	0.00423344374432378
4.65145056606812	0.352412938399023	0.154613702021473	0.09311088246038	0.0641695949928059	0.0477215271029383	0.0372833884016844	0.0301577227267431	0.0250332434626958	0.0212007606230464	0.0182455532589896	0.0159101323428125	0.0140268575215642	0.0124822885723101	0.0111971614795247	0.0101145731836616	0.00919271632406405	0.00840025225894302	0.00771327385742349	0.00711325863543987	0.00658565699735647	0.00611889832623052	0.00570367830572052	0.00533243941237212	0.00499898654217817	0.0046981987506085	0.00442581039045566	0.00417824305213877	0.00395247516629251	0.00374593985364604	0.00355644418953098	0.00338210486545657	0.00322129652248982
4.08987103677367	0.377255972449083	0.159617562218226	0.0936269098405341	0.063202509343988	0.0462076727421671	0.0355826023550324	0.0284242183611374	0.0233363555194703	0.0195713638249313	0.0166960319697566	0.0144436851580791	0.0126420889363115	0.0111755685260974	0.00996386981953798	0.00894976372171374	0.00809146928349238	0.0073578557065144	0.00672531004435525	0.00617563729714555	0.0056946193516096	0.00527100535044427	0.00489579111529584	0.00456169624139138	0.00426277888820059	0.00399414810298487	0.00375174628652102	0.00353218280786496	0.00333260539622966	0.00315059976318088	0.00298411055093908	0.00283137855385467	0.0026908904739094
3.69752902431246	0.396515892678936	0.162851708358843	0.093533626927891	0.0621232170960251	0.044826521580416	0.0341431733206725	0.0270208035216106	0.0220051225493062	0.0183239462909867	0.015533313161357	0.0133618791341504	0.0116355498593748	0.0102381178309725	0.00908942001921335	0.00813259790799281	0.00732634938366013	0.0066400457361825	0.00605055833754227	0.00554014042880074	0.00509497948749669	0.00470418698430409	0.00435908008297226	0.00405266226643444	0.00377924205150259	0.00353414918766638	0.00331352073740083	0.0031141379573929	0.00293330058752282	0.00276872901340449	0.00261848742676229	0.00248092296525449	0.00235461712795226
3.40083834914679	0.412283717871594	0.165074455842743	0.093151276833065	0.0610476208671766	0.0435838354970179	0.0329069127581964	0.0258506937845872	0.020919133940428	0.0173237641527062	0.0146142976921526	0.012517204031517	0.0108579668214105	0.00952069620172414	0.00842582855644259	0.00751717970289185	0.00675410520888164	0.00610657990162736	0.00555201252768353	0.0050731272803802	0.00465652099770494	0.00429165959549615	0.00397016674161688	0.00368531105338955	0.00343163070330551	0.00320465475874102	0.00300069368069297	0.00281667996973458	0.00265004564777532	0.00249862712249519	0.00236059063304298	0.00223437332397629	0.00211863629980308
3.16512445369069	0.425642339694876	0.166655579803645	0.0926209353964825	0.0600138789014942	0.0424646822629157	0.0318296596572374	0.0248532351063238	0.0200085264153665	0.0164961075601534	0.0138621239208404	0.0118323428622934	0.0102326445081568	0.00894791193108859	0.00789943189120584	0.00703182798447723	0.00630517838656221	0.0056900862495726	0.00516449911378967	0.00471160023146777	0.0043183766811578	0.00397462617300372	0.00367225493255042	0.00340477280329342	0.00316692451655169	0.00295441659564041	0.00276371247904124	0.002591877002927	0.0024364570662985	0.00229538914035736	0.00216692691643898	0.00204958421839489	0.00194208959639596
2.97138798752895	0.437231348933525	0.167801474652633	0.0920135087959887	0.059034013922767	0.0414519839559927	0.030879158123093	0.0239882189719946	0.0192291413000134	0.0157951787009677	0.0132307220499946	0.0112617700832168	0.009715085414201	0.00847657375300815	0.00746849390121861	0.00663632854290982	0.00594089106559908	0.0053534045936236	0.00485233624955656	0.00442130405788012	0.00404765927944483	0.00372150544706688	0.0034350064670608	0.00318189013350432	0.00295708627425647	0.00275645926091137	0.00257660770177602	0.00241471265546127	0.00226842135008973	0.00213575720055494	0.00201504952317979	0.00190487815770794	0.00180402948080162
2.80814336937989	0.447462292596297	0.168637981810377	0.0913676860556513	0.0581101006359571	0.0405304714826191	0.0300315888171535	0.0232277136001436	0.0185513146989419	0.015190904448112	0.0126903560338109	0.010776505061396	0.00927729038464717	0.00807977507379441	0.00710724214275674	0.00630604264973188	0.00563771269496777	0.00507407249053335	0.00459408166207783	0.00418176506672041	0.00382481109336788	0.00351360378442823	0.00324054151305538	0.00299954899220492	0.00278572223273085	0.00259506652130887	0.00242430051361173	0.00227070800115806	0.00213202451143624	0.00200634967110821	0.00189207883957176	0.0017878493076784	0.00169249761264971
2.66794614331709	0.456616564672446	0.169246802933721	0.0907057401245808	0.0572402569371773	0.0396872956718408	0.0292690108866472	0.0225515701228615	0.0179541864743823	0.014662512132728	0.0122207676337638	0.0103570249949712	0.00890057598728864	0.00773970830088128	0.00679874242999758	0.00602488501517015	0.00538037036439038	0.0048375869716065	0.00437595764613001	0.00397988610719585	0.00363737208389026	0.00333905680969208	0.00307755227748634	0.00284696160472261	0.0026425306029814	0.00246039100397743	0.00229736873614703	0.00215083904210667	0.00201861577589919	0.00189886594846904	0.0017900431360249	0.00169083512951272	0.00160012244130976
2.54571255048376	0.464895525332386	0.16968354400611	0.0900409411530958	0.0564210933276329	0.0389118197874231	0.0285776352779824	0.0219448017489941	0.0174225528727655	0.0141950819191483	0.0118075722118242	0.00998959721184754	0.00857190432586393	0.00744403227598163	0.00653133008162927	0.00578183563227429	0.00515845158932749	0.00463410416739453	0.00418865034737923	0.0038068461963471	0.00347697905171007	0.00318992634524987	0.00293849524116318	0.00271695110364942	0.00252067541282532	0.00234591398555323	0.00218958920439878	0.00204915828035544	0.00192250506753022	0.00180785663514012	0.0017037183164279	0.00160882269354228	0.00152208919704751
2.43782684919087	0.472448464758366	0.169987468969591	0.0893813473372703	0.0556487722133502	0.0381952517233304	0.0279466650338013	0.0213959757153149	0.0169450085426089	0.013777558512071	0.0114402142849487	0.00966422529328914	0.00828184933049334	0.00718387736559279	0.00629666528809229	0.00556905216153234	0.00496457729146036	0.00445667434289935	0.00402560689251955	0.00365645884273756	0.00333778363915321	0.00306067618854632	0.00281812257821066	0.00260453633604739	0.00241542240164553	0.0022471300803921	0.00209666899569886	0.0019615702992218	0.00183978083371647	0.00172958158737758	0.00162952426079898	0.00153838148325006	0.00145510741667198
2.34163212807809	0.479389262575994	0.170187133911583	0.0887318738346305	0.054919474361749	0.0375302931754148	0.0273675045576237	0.0208961835342099	0.016512791673003	0.0134015384226404	0.0111107375800136	0.00937342677657936	0.0080233972637402	0.00695267782495643	0.00608860248635124	0.00538077894744911	0.00479335145038926	0.00430023211658245	0.00388206542769491	0.00352424073064525	0.00321555823165121	0.00294731366270382	0.00271265772560251	0.00250613981146642	0.00232337773058454	0.00216081514291237	0.00201554101420709	0.00188515358800651	0.00176765674009833	0.00166138018350813	0.0015649174427648	0.00147707720838966	0.00139684486685483
2.25512305553966	0.485806840583439	0.170303817241751	0.0880954808025082	0.0542295980632878	0.0369108464295899	0.0268332095010676	0.02043835733995	0.0161190354606294	0.0130604962178743	0.0108130094352591	0.00911146953471362	0.00779120314196941	0.00674545276869741	0.0059024981624998	0.00521268253431963	0.00464072433221614	0.00416098685328851	0.00375447179550305	0.00340685361045213	0.00310716189303194	0.00284687839103351	0.00261930579330384	0.0024191185712516	0.00224203817711457	0.00208459470507274	0.00194394964512972	0.00181776244471375	0.00170408891130477	0.00160130304853324	0.00150803633804184	0.00142313014886846	0.00134559812358346
2.17675181212697	0.491772003064123	0.170353699179469	0.0874738838612422	0.0535758337451236	0.036331779891137	0.0263380961042723	0.0200168018627479	0.0157582657756006	0.0127492722035634	0.0105422124441068	0.00887387533582264	0.00758111061005462	0.00655834460986745	0.00573476878965978	0.00506142923306519	0.00450358932806253	0.00403603812969017	0.00364011282215928	0.00330175452292836	0.00301020661453428	0.00275712366311061	0.00253594916450943	0.00234147317669494	0.0021695127080118	0.00201667737723509	0.00188019527341545	0.00175778194867329	0.00164754073811628	0.00154788611881613	0.00145748420956894	0.00137520616064151	0.00130009133397692
2.10530077710215	0.497342072123003	0.170349296566616	0.0868679931541558	0.0529551799851573	0.0357887433462761	0.0258774583148891	0.0196268654581729	0.0154260540023186	0.0124637224812506	0.0102945003024114	0.00865708617481687	0.00738983118889729	0.00638831231427827	0.00558259838135614	0.00492440679298368	0.00437951828989929	0.00392312412950904	0.00353687709364685	0.00320696825163852	0.0029228407418069	0.00267631015525487	0.00246095085911115	0.00227166010088597	0.00210434332309482	0.00195568360569433	0.0018229704544803	0.00170397107976018	0.001596832514382	0.00150000639762579	0.00141219061210795	0.0013322835871066	0.00125934821741244
2.03979629335244	0.50256412269929	0.170300436158306	0.0862781920590808	0.052364932533238	0.0352780227950837	0.0254473592412311	0.0192647035252811	0.0151187710071588	0.0122004734845977	0.0100667583153836	0.00845823357101873	0.00721472370581494	0.00623292144920369	0.00544373914802442	0.00479953537298899	0.00426658236922185	0.00382045182587722	0.00344309392871252	0.00312093453255181	0.0028436038827957	0.00260306802338435	0.00239302332800677	0.002208466772687	0.00204538592897154	0.00190053198731534	0.00177125131038245	0.00165535886448586	0.00155104202720436	0.00145678670744094	0.0013713200466422	0.00129356557571286	0.00122260782290571
1.97944863608995	0.507477297903243	0.170214931994749	0.0857045180331605	0.0518026618287744	0.0347964260479436	0.0250444748703337	0.0189271049241389	0.0148334089286045	0.0119567458062533	0.00985643273125111	0.00827497512132123	0.00705363879287567	0.00609019679415069	0.00531637207419109	0.00468513576883946	0.00416322749199828	0.00372657926569496	0.00335742202778678	0.00304240263315008	0.0027713270025571	0.00253630212371865	0.00233113843648713	0.00215092598644475	0.0019917288647986	0.00185036162582356	0.00172422345428376	0.00161117362771261	0.00150943691471112	0.00141753095064393	0.00133420993734424	0.00125842059957951	0.00118926743743432
1.92360922096224	0.512114502682933	0.170099067416623	0.0851467820618547	0.0512661866551622	0.034341192065549	0.0246659751989652	0.0186113623445609	0.014567449602307	0.011730225196584	0.00966140657691182	0.00810537621618098	0.00690480685517959	0.00595851656324076	0.00519900719655513	0.00457983544579209	0.00406818579844383	0.00364033205533796	0.00327877064825781	0.00297035687592228	0.00270506197384054	0.00247512529173398	0.00227446419570167	0.00209825583237475	0.0019426357991217	0.00180447778234866	0.00168123020012939	0.00157079358355869	0.00147142747545963	0.00138167898849641	0.00130032744371075	0.00122634107771773	0.00115884289944488
1.87173946212753	0.516503666610939	0.169957944799584	0.0846046486807132	0.0507535476458431	0.0339099186285885	0.0243094325922001	0.0183151739633663	0.0143187657621384	0.0115189664201596	0.00947990766278652	0.00794782282458711	0.00676675580362876	0.00583653500487162	0.00509041086078782	0.00448250018146138	0.00398041137776655	0.00356074289149375	0.0032062426457146	0.00290396292047919	0.00264403084938677	0.00241881037356173	0.00222231934133279	0.0020498166290004	0.00189750483963967	0.00176231300178614	0.00164173555922292	0.00153371156882653	0.00143653301714293	0.00134877449419101	0.00126923871662857	0.00119691394143714	0.00113094039073357
1.82338769039174	0.520668701399201	0.169795743702585	0.0840776901670312	0.0502629823605826	0.0335005042135666	0.02397275025962	0.0180365677807096	0.0140855457276857	0.0113213204669751	0.00931043930997176	0.0078009561123336	0.00663824961446319	0.00572312478399979	0.00498955172499105	0.00439218345321484	0.00389903279279703	0.0034870069810953	0.00313909255942309	0.00284252830044651	0.00258758865296754	0.00236675509071612	0.00217414010763776	0.00200507945715205	0.00185583869161063	0.00172339877263348	0.00160529728989345	0.00149950938115898	0.00140435739111871	0.00131844159992369	0.00124058658160201	0.00116979928402226	0.0011052359888702
1.77817176490558	0.524630237893222	0.16961591434447	0.0835654235181057	0.049792902630112	0.0331111009429645	0.0236541058036833	0.0177738426629149	0.0138662352150052	0.0111358786653014	0.00915172742689171	0.0076636226963627	0.00651824174493997	0.00561733342755065	0.00489556004995085	0.00430808836873031	0.00382331744476768	0.00341844864216333	0.0030766952635985	0.0027854729539296	0.00253519563254934	0.00231845587373626	0.00212945551273434	0.00196360278037937	0.00181722250807604	0.00168734451182178	0.00157154693081529	0.00146783878286725	0.00137457089604828	0.00129036763615897	0.00121407405528417	0.00114471460138121	0.00108146058348345
1.73576578196698	0.52840620098784	0.169421324605399	0.083067335790497	0.049341874350699	0.032740076226366	0.0233519062049364	0.0175255218728918	0.0136594918267387	0.0109614292250101	0.0090026795466173	0.00753483628816055	0.00640583933026241	0.00551834994326664	0.00480769657456392	0.00422953862302278	0.00375264443991531	0.00335449591719083	0.00301852217680004	0.00273230689104378	0.00248639626082749	0.00227348808265233	0.00208786869706234	0.00192501480959901	0.00178130719801149	0.00165382174186371	0.00154017477994871	0.00143840722096836	0.00134689668413163	0.00126429017432689	0.00118945197950125	0.00112142297636793	0.00105938857351735
1.69588978152394	0.53201226355565	0.169214373099628	0.08258290147244	0.0489085996572555	0.0323859812704067	0.023064751587711	0.017290316058848	0.0134641490635578	0.0107969230569661	0.00886235274580627	0.00741374776017083	0.0063002753267979	0.00542547891477536	0.00472532841701389	0.00415595605658476	0.00368648366082018	0.00329466102342226	0.00296412296800752	0.00268261304402335	0.00244080312854506	0.00223149085286666	0.00204904264045446	0.00188900001833769	0.00174779667419541	0.00162255201245291	0.00151091843688345	0.00141096694252874	0.0013211004063579	0.00123998716301524	0.0011665096130894	0.00109972409422866	0.00103882927715909
1.65830168011678	0.535462208788372	0.168997077124633	0.0821115943472707	0.0484919012892206	0.0320475250561869	0.0227914057999472	0.0170670934936732	0.0132791875770749	0.0106414466064519	0.00872992824869953	0.00729962152821732	0.00620088659484984	0.00533812016949321	0.00464791020039653	0.00408684311175157	0.00362437943308227	0.00323852511863339	0.00291311132035677	0.00263603393771231	0.00239808443990767	0.00219215534224832	0.00201268909541221	0.00185528870361091	0.00171643798925907	0.00159329756469695	0.00148355395307868	0.00138530659298796	0.00129698222474967	0.0012172693232982	0.00114506738241886	0.00107944732304847	0.00101962031925941
1.62279088006906	0.53876822232134	0.168771141765229	0.0816528955162101	0.0480907089214771	0.0317235526992712	0.0225307723339915	0.0168548559342262	0.0131037119946061	0.0104942000543127	0.00860469112522239	0.0071918167298642	0.00610709647806683	0.00525575265468184	0.00457496911454147	0.004021768972126	0.00356593764116327	0.00318572630085425	0.00286515373119384	0.00259226121505469	0.00235795419662907	0.00215521551411199	0.00197855991588476	0.0018236488131249	0.00168701361901878	0.00156585403276696	0.001457888917962	0.00136124465631291	0.0012743705792394	0.00119597421770349	0.00112497123020786	0.00106044632228149	0.00100162248132365
1.58917315642941	0.541941129898634	0.168538014695253	0.0812062987269536	0.0477040472275244	0.0314130273466164	0.0222818744723987	0.0166527188808454	0.0129369320769826	0.0103544796713497	0.00848601391484473	0.00708977208654185	0.00601840082705872	0.00517792152896306	0.00450609297913566	0.00396035850504374	0.00351081546488498	0.00313595006154222	0.00281996061252905	0.00255102732294725	0.0023201644141594	0.00212044083494845	0.00194644019308392	0.00179387948056789	0.00165933536286173	0.00154004467870502	0.0014337570007386	0.00133862427924477	0.00125311727230007	0.00117596157538159	0.00110608816333309	0.00104259479702639	0.00098471564759966
1.55728652900583	0.544990592350784	0.168298930007122	0.0807713138044097	0.0473310254549975	0.0311150149466709	0.0220438388045872	0.0164598953143945	0.0127781472791732	0.0102216634189016	0.00837334330727919	0.00699299362516413	0.00593435668950776	0.00510422773757665	0.00444092062056073	0.00390228336111717	0.00345871312949423	0.00308892162119769	0.00277727915426023	0.00251209885164053	0.00228449889171287	0.00208763043475262	0.00191614277039012	0.00176580586340846	0.00163323947628254	0.00151571579463137	0.00141101359990074	0.00131730914810455	0.0012330935551114	0.00115710957151571	0.00108830271096668	0.0010257831217848	0.000968795582599414
1.52698790181399	0.547925266785393	0.168054943540618	0.0803474687419212	0.046970828314184	0.0308286713681036	0.0218158814543038	0.0162756822054483	0.012626734007439	0.0100951991104045	0.00826618922622695	0.00690104464106552	0.00585457308513402	0.00503431952544303	0.00437913405049847	0.00384725475079043	0.00340936721885798	0.00304439972438487	0.00273688755238822	0.00247527115316824	0.00225076818297771	0.00205660839653389	0.0018875038220828	0.0017392749846691	0.001608582752488	0.00149273300355132	0.00138953234485934	0.00129718017483765	0.00121418698332439	0.00113931183961972	0.00107151408154421	0.00100991563140069	0.000953771346338962
1.49815030612871	0.55075294079453	0.167806961565428	0.0799343108475654	0.046622708003069	0.030553231449881	0.0215972965032757	0.0160994492510619	0.0124821350312805	0.00997459461084809	0.00816411581894443	0.00681353743357072	0.00577870342567499	0.00496788547611788	0.00432045206079819	0.00379501753703342	0.0033625452137157	0.00300217157709117	0.00269859030446703	0.00244036395877741	0.00221880550376048	0.00202721992621531	0.0018603792608523	0.00171415235629001	0.00158523934235364	0.00147097825881746	0.00136920225971313	0.00127813281153566	0.00119629887021689	0.00112247505246388	0.00105563386169728	0.000994908429204145	0.000939563203750179
1.47066062252773	0.553480644933224	0.167555764223459	0.079531407226272	0.0462859772149065	0.0302879996485973	0.0213874462064573	0.0159306294149121	0.0123438506307087	0.00985940967091313	0.00806673396970298	0.00673012645524073	0.00570643924384829	0.00490464876261331	0.00426462494125918	0.00374534537002432	0.00331804099853546	0.00296204868622334	0.00266221434698288	0.00240721778369918	0.0021884633774059	0.00199932821522569	0.00183464179691849	0.00169031921657915	0.00156309815412976	0.00145034739185198	0.00134992544633948	0.00126007485763119	0.00117934220793242	0.00110651694834961	0.00104058413947713	0.000980687599904606	0.000926100920675731
1.44441768618548	0.556114747565106	0.167302024807171	0.0791383447985641	0.0459600029950801	0.0300323420139221	0.0211857526782937	0.0157687109375578	0.0122114311511741	0.0097492490821542	0.00797369504106102	0.00665050259729335	0.00563750497212694	0.00484436236837609	0.00421143009493322	0.00369803665350347	0.00327567114050598	0.00292386341745229	0.00262760586246598	0.00237569095765774	0.00215961086607692	0.00197281185273461	0.00181017851383112	0.00166767025428017	0.00154206071228391	0.00143074809382903	0.00133161517833018	0.00124292465666987	0.00116323995868791	0.00109136470923827	0.00102629596266434	0.0009671877420204	0.000913322364953767
1.41933070117021	0.558661035296398	0.167046325705024	0.0787547300001342	0.0456442013325717	0.0297856792740637	0.0209916907941307	0.0156132305529521	0.0120844707081036	0.0096437569072128	0.0078846856114419	0.00657438839478799	0.0055716535696621	0.00478680509070519	0.00416066837619303	0.00365291117997577	0.00323527178876405	0.00288746612947723	0.00259462762349911	0.00234565715657491	0.00213213127092077	0.00194756267747202	0.00178688885722139	0.00164611172132791	0.00152203938287478	0.00141209824361013	0.00131419432257909	0.00122660960363398	0.00114792364077873	0.00107695361913344	0.00101270806387872	0.000954350754639723	0.000901172350256868
1.39531790566754	0.561124781552084	0.166789171661161	0.0783801882660874	0.0453380323876136	0.02954748085351	0.0208047821011462	0.0154637677007379	0.0119626018362526	0.00954261159056441	0.00779942302654637	0.00650153398142914	0.00550866283913624	0.0047317781796027	0.0041121610149304	0.00360980730763315	0.00319669607540517	0.00285272277415668	0.00256315677025822	0.0023170033386476	0.00210592021025861	0.00192348398370704	0.00176468295604787	0.00162555985838243	0.00150295589371907	0.00139432451402698	0.00129759402414415	0.00121106490169423	0.00113333215126499	0.00106322594738442	0.000999765799739036	0.000942124828161927	0.000889601674566623
1.37230544233508	0.563510805334516	0.166531000857082	0.0780143633746883	0.0450409962711526	0.0293172596774116	0.0206245895724792	0.0153199395652922	0.0118454909201869	0.00944552179490098	0.00771765161969605	0.00643171365919491	0.0054483323084561	0.00467910249603297	0.0040657470192073	0.00356857957894703	0.0031598119251662	0.00281951287569751	0.00253308294049866	0.00228962800891004	0.00208088400463851	0.00190048901453266	0.00174348021341339	0.00160593957381141	0.00148474009331339	0.00137736120349483	0.00128175260414601	0.00119623252071323	0.00111941078002754	0.00105013001378743	0.000987420262976834	0.000930463599805896	0.00087856631582167
1.3502263974031	0.565823521805963	0.166272194216605	0.0776569167045068	0.0447526293038278	0.029094567642664	0.0204507130692134	0.0151813968048744	0.0117328342741747	0.00935222283893267	0.00763913948522689	0.00636472297523949	0.00539048057766837	0.00462861609734602	0.0040212809708765	0.00352909670160319	0.00312450020003831	0.00278772782022149	0.00250430668789207	0.00226343975234462	0.00205693831259226	0.00187849968973205	0.00172320811735982	0.00158718332938719	0.00146732890439361	0.00136114925123884	0.00126661463119094	0.0011820603200189	0.0011061103795853	0.00103761940160831	0.000975627535232451	0.000919325443102318	0.000868026755339824
1.32901997940834	0.568066986024677	0.166013083253377	0.0773075264436602	0.0444725006924667	0.0288789916564146	0.0202827853994392	0.0150478198597449	0.0116243547648251	0.00926247363635017	0.00756367571164699	0.00630037621967818	0.00533494305122711	0.00458017217602231	0.00397863114583579	0.0034912398284418	0.00309065311999614	0.00275726940098478	0.00247673813768814	0.00223835598786404	0.00203400697245479	0.0018574455263438	0.00170380123226872	0.00156923019561695	0.00145066543714466	0.00134563540306488	0.00125213013501111	0.00116850130576192	0.00109338666248306	0.00102565229171646	0.000964348055001218	0.000908672867023301	0.000857947405769035
1.30863081411123	0.570244930918167	0.165753956716615	0.0769658867787758	0.0442002095708913	0.0286701501594412	0.0201204688832359	0.0149189157483476	0.0115197988895835	0.0091760540545308	0.00749106799899492	0.00623850427442067	0.00528156999116311	0.00453363729224426	0.00393767790393051	0.00345490108549801	0.00305817291262309	0.00272804857535456	0.00245029583880612	0.0022143019049819	0.00201202101451967	0.00183726271842769	0.00168520033939589	0.0015520250470807	0.00143469823412193	0.00133077150128017	0.00123825393734431	0.001155512999182	0.0010811996037744	0.00101419089646318	0.000953546080388203	0.000898472005357874	0.000848296125058122
1.28900833658995	0.572360800382122	0.165495066240989	0.076631707083215	0.0439353823592962	0.028467690065447	0.0199634523481781	0.0147944152767888	0.0114189342399	0.00909276262649042	0.00742114059882982	0.00617895275626622	0.00523022483883529	0.0044888898520668	0.00389831230398863	0.00341998230697771	0.00302697065348437	0.00269998439811106	0.00242490577937278	0.0021912095523986	0.00199091781475555	0.00181789334906699	0.0016673517012206	0.00153551787395555	0.0014193806244295	0.0013165138775589	0.00122494507999455	0.00114305689677735	0.00106951293056409	0.00100320097616331	0.000943189230357726	0.000888692180786143	0.000839043801611455
1.27010626501482	0.574417778237501	0.165236631167471	0.0763047111181774	0.0436776704028192	0.0282712840584205	0.0198114484926931	0.0146740705998009	0.0113215472904465	0.00901241456147267	0.00735373252640898	0.00612158040782308	0.00518078276254894	0.00444581879186774	0.00386043490773922	0.00338639394368264	0.00299696526624575	0.0026730031023053	0.00240050053894554	0.00216901705355095	0.0019706403667671	0.00179928471277067	0.00165020642911589	0.00151966319045377	0.00140467016899639	0.00130282283161221	0.00121216633386529	0.00113109800702561	0.00105829368404618	0.000992651424343431	0.000933248091312623	0.000879305531108978	0.000830163998661462
1.25188214339808	0.576418813652863	0.164978842670989	0.0759846362559729	0.0434267478553367	0.0280806281993368	0.0196641915649404	0.0145576530818448	0.0112274414658578	0.00893484000909825	0.00728869600350584	0.00606625769807577	0.00513312939597835	0.00440432243684616	0.00382395474293393	0.00335405411749541	0.00296808265720311	0.00264703730418077	0.00237701855558492	0.00214766792878042	0.00195113665299943	0.00178138873049024	0.00163371993765639	0.00150441952449298	0.0013905281821817	0.00128966218172664	0.00119988377579261	0.00111960445118362	0.00104751184220931	0.000982513910521528	0.000923695878316514	0.000870286687454003	0.000821632648150327
1.23429694284727	0.578366643537587	0.164721867306083	0.0756712327315753	0.0431823097791209	0.0278954398009889	0.0195214353133229	0.014444951415496	0.0111364354446361	0.00885988253968348	0.00722589509747902	0.0060128656010561	0.00508715973846654	0.00436430750701095	0.00378878840124317	0.00332288779940369	0.00294025496340936	0.00262202531287501	0.00235440348986389	0.00212711050744052	0.00193235909961794	0.00176416144268655	0.0016178514719083	0.00148974897576834	0.0013769193176299	0.00127699887577823	0.00118806642241284	0.0011085471179763	0.0010371399935483	0.000972762571344889	0.000914508142235706	0.000861612496150815	0.000813427786199684
1.21731471264833	0.580263812329141	0.164465850061975	0.07536426292626	0.0429440704349299	0.0277154555359743	0.0193829511716647	0.0143357699611911	0.0110483616665017	0.0087873978095684	0.00716520452799244	0.00596129452642929	0.0050427771932202	0.0043256882486691	0.00375485925072148	0.00329282609245358	0.00291341989721417	0.00259791052899085	0.0023326036710459	0.00210729741620006	0.00191426410224251	0.00174756256845843	0.00160256369646647	0.0014756168316751	0.00136381120844651	0.00126480265335969	0.00117668591222089	0.00109789936380593	0.00102715305385052	0.000963373742556572	0.000905662515642357	0.000853261777460248	0.000805529323671151
1.20090227395926	0.582112689530105	0.164210917002601	0.0750635006854446	0.0427117617404584	0.0275404297480371	0.0192485266477994	0.0142299272780958	0.0109630650148955	0.00871725238537271	0.00710650861749527	0.00591144338015354	0.00499989272342648	0.00428838567312088	0.00372209674605152	0.00326380560418122	0.00288752017296028	0.00257464091884811	0.00231157161319636	0.00208818513216295	0.00189681161192639	0.00173155512081686	0.00158782233694969	0.00146199123236153	0.0013511741534911	0.00125304575128869	0.00116571622851786	0.00108763675157519	0.00101752801951215	0.000954325725579304	0.000897138491575257	0.000845215115538376	0.000797918846461724
1.18502895007895	0.583915485295227	0.163957177554255	0.0747687306716374	0.0424851318779487	0.0273701329412961	0.0191179638890384	0.0141272548205374	0.0108804016507956	0.00864932270525698	0.0070497003654179	0.005863218736918	0.00495842410958349	0.00425232688727692	0.00369043582255084	0.00323576789563655	0.00286250300395606	0.00255216855343186	0.00229126359104495	0.00206973359133935	0.00187996477255902	0.00171610506986463	0.00157359586623844	0.0014488428776713	0.00133898084297842	0.00124170264608146	0.00115513345719117	0.00107773682239604	0.00100824375195864	0.000945598583568658	0.000888917230266157	0.000837454674979789	0.000790579441097631
1.16966632822374	0.585674264323035	0.163704726493055	0.0744797477525334	0.0422639440342265	0.0272043504255108	0.0189910784019177	0.0140275957783218	0.0108002379776855	0.00858349415868782	0.00699468062919959	0.00581653410897119	0.00491829529400982	0.00421744450337217	0.00365981636219254	0.00320865899620638	0.00283831965978122	0.00253044920285055	0.00227163926708702	0.00205190584456049	0.00186368960232698	0.00170118104700351	0.00155985522901755	0.00143614476993682	0.00132720611771097	0.00123074982804444	0.00114491557428103	0.00106817889541332	0.000999280788650767	0.000937173962649192	0.000880981389759428	0.000829964040065652	0.000783495541935207
1.15478804853967	0.587390958268576	0.163453645675859	0.0741963564236872	0.0420479752585427	0.0270428810985908	0.0188676979069037	0.0139308040424739	0.0107224497205523	0.00851966026903406	0.00694135739786996	0.0057713092983466	0.00487943580069675	0.00418367611697203	0.00363018272175103	0.00318242897515997	0.00281492507556923	0.00250944197858845	0.00225266136277962	0.00203466775420303	0.00184795471305678	0.0016867540844041	0.00154657359923019	0.00142387198756529	0.00131582675718973	0.00122016560250798	0.00113504225911	0.00105894389175158	0.000990621176896907	0.000929034934749371	0.000873314977020599	0.000822728073478088	0.000776652796883869
1.14036961673461	0.589067376862213	0.163204005551287	0.0739183702647737	0.041837015425421	0.0268855363501276	0.0187476613114856	0.0138367432806288	0.0106469211043322	0.00845772196566809	0.0068896451460653	0.00572746982147228	0.00484178022048296	0.00415096384413335	0.00360148331471731	0.00315703156225361	0.00279227750621659	0.00248910901704697	0.00223429536781145	0.00201798772613533	0.00183273106223935	0.00167279738488666	0.00153372616590542	0.00141200148516421	0.00130482129260707	0.00120992991444045	0.00112549472942767	0.0010500141792323	0.000982248327297749	0.000921165859025855	0.000865903216675864	0.000815732791762792	0.000770037949062461
1.12638823725882	0.590705217893014	0.162955866481705	0.0736456114281704	0.041630866291285	0.026732139071909	0.0186308177873977	0.0137452861085543	0.0105735441193285	0.00839758693420252	0.00683946425815679	0.00568494639679666	0.00480526775303807	0.00411925390996434	0.00357367023989783	0.00313242381090028	0.00277033821954845	0.00246941519886876	0.00221650928235371	0.00200183647216088	0.00181799173334159	0.00165928611811441	0.00152128994352773	0.00140051191661536	0.00129416984134946	0.00120002419326867	0.00111625559557738	0.00104137343503377	0.000974146884147413	0.000913552259340419	0.000858732434973998	0.000808965255249593	0.000763638732208043
1.11282266441534	0.592306076193005	0.162709279902229	0.0733779101584204	0.041429340634996	0.0265825227632306	0.0185170259396648	0.0136563133461745	0.0105022178629088	0.00833916903512895	0.00679074051366788	0.00564367448743426	0.00476984179839656	0.00408849628197726	0.00354669895066631	0.00310856579838133	0.00274907122336624	0.00245032789936764	0.00219927338796805	0.00198618679894993	0.00180371174067714	0.00164619723962401	0.00150924360370034	0.00138938347805449	0.00128385396015311	0.00119043121521696	0.00110730873115117	0.00103300652390047	0.00096630261052641	0.000906180715643155	0.00085178995693315	0.000802413470493817	0.000757443777992778
1.09965306916023	0.593871451739868	0.162464289338895	0.0731151043410392	0.0412322614736063	0.0264365307203991	0.0184061530568203	0.0135697133480668	0.0104328479482737	0.00828238778249997	0.00674340462641542	0.005603593891984	0.00473544959183241	0.00405864434258782	0.00352052795971845	0.00308542035838722	0.00272844302204987	0.00243181676607826	0.0021825600434881	0.00197101342004531	0.00178986785566337	0.00163350932973612	0.00149756732533965	0.00137859776816949	0.00127385651448395	0.00118113498088031	0.00109863915797966	0.00102489938986876	0.000958702286163079	0.000899038767439374	0.000845064014942673	0.000796066303594132	0.000751442533683622
1.08686091967017	0.595402756979849	0.162220931304772	0.0728570390790836	0.0410394613456584	0.0262940153011723	0.0182980744330493	0.0134853813997526	0.0103653459723549	0.00822716787545341	0.00669739183086714	0.0055646483776372	0.00470204187674602	0.00402965459592036	0.00349511857491741	0.00306295284185217	0.00270842239901183	0.00241385352001613	0.00216634350272577	0.00195629278802545	0.00177643845175463	0.0016212024498215	0.00148624266104282	0.00136813766360927	0.00126416156207051	0.00117212060608366	0.00109023294362149	0.00101703895977563	0.000951333616424357	0.000892114827787248	0.000838543667346289	0.000789913402986229	0.000745625188811689
1.07442887402253	0.596901323459138	0.161979236090066	0.0726035662959022	0.0408507816552423	0.0261548372560418	0.0181926727542109	0.0134032191722543	0.0102996290359666	0.00817343877635775	0.00665264151010157	0.00552678535050649	0.00466957261097619	0.00400148640475546	0.00347043466243829	0.0030411309026174	0.00268898022182484	0.0023964117777237	0.0021505997513027	0.00194200294432455	0.00176340336572962	0.00160925801376016	0.00147525241760962	0.00135798720761374	0.00125475424881672	0.00116337422436049	0.00108207710978175	0.00100941305706869	0.000944185151034346	0.000885398106498579	0.000832218725746937	0.000783945130515359	0.000739982609712184
1.06234068355865	0.59836840784061	0.161739228459946	0.0723545443625097	0.0406660720708026	0.0260188651192591	0.018089837540717	0.0133231342283695	0.0102356193102414	0.00812113433018798	0.00660909686051303	0.00548995555879495	0.00463799870257712	0.00397410175402832	0.00344644243394308	0.00301992430493751	0.00267008926728693	0.00237946689158567	0.00213530636028423	0.00192812338456011	0.00175074377333746	0.00159765867273569	0.00146458054898409	0.00134813151024214	0.00124562071557283	0.00115488289962024	0.00107415955031238	0.00100201032464557	0.000937246211318502	0.000878878541404119	0.000826079689953235	0.0007781524997615	0.000734506280958414
1.05058110569284	0.599805197372955	0.161500928271841	0.0721098377480746	0.0404851899733581	0.0258859746533653	0.0179894646411223	0.0132450395749486	0.0101732436441572	0.00807019242044902	0.00656670458904742	0.0054541128250093	0.0046072797716317	0.00394746503777124	0.00342311025496052	0.00299930475025119	0.00265172406406127	0.00236299580624168	0.00212044235461288	0.0019146349375144	0.00173844207758189	0.00158638821176383	0.00145421206012232	0.00133855665880215	0.00123674801445401	0.00114663454777312	0.00106646895763467	0.00099482015562878	0.000930506824939154	0.000872546736704052	0.000820117689638569	0.000772527120734671	0.000729188252850302
1.03913582509241	0.601212814870914	0.161264351022346	0.071869316692067	0.0403079999493912	0.0257560483417289	0.0178914557710404	0.0131688532561839	0.010112433208624	0.00802055465756705	0.0065254146393029	0.00541921380391819	0.00457737793512467	0.00392154286680505	0.00340040847202172	0.00297924572098162	0.00263386075084496	0.00234697692921656	0.002105988094608	0.0019015196561666	0.00172648180815673	0.00157543145657149	0.00144413292049544	0.00132924963727264	0.00122812403357489	0.00113861786624912	0.00105899475658286	0.000987832631131612	0.000923957667229905	0.000866393907558672	0.000814324431911507	0.000767061150179249	0.000724021094233352
1.02799138229295	0.602592323258067	0.161029508332446	0.0716328568966809	0.0401343733241792	0.0256289749242386	0.0177957180926488	0.0130944979835294	0.0100531231731658	0.00797216609618662	0.00648517994329822	0.00538521776338195	0.00454825761228462	0.00389630389483539	0.00337830925642261	0.00295972233942609	0.00261647694829068	0.00233139001413691	0.00209192516902839	0.00188876071938583	0.00171484753074312	0.00156477418962736	0.00143432998610959	0.00132019825367454	0.00121973742922031	0.00113082227049072	0.00105172704480267	0.000981038464197942	0.000917590008356685	0.000860411830188252	0.000808692154104374	0.000761747246828988	0.000718997850021929
1.01713510893207	0.603944729717453	0.160796408378608	0.0714003392382153	0.0399641877317983	0.0255046489718582	0.0177021638306108	0.0130219007984071	0.00999525241172258	0.00792497497825486	0.00644595619611327	0.00535208638554356	0.00451988534813419	0.00387171866091001	0.00335678646275813	0.00294071124004422	0.00259955164313516	0.00231621605511454	0.00207823629839015	0.00187634234307629	0.00170352476504839	0.00155440307428205	0.0014247909290715	0.00131139107448176	0.0012115775646013	0.00112323783662027	0.00104465653895233	0.000974428949206757	0.000911395665635428	0.000854592796847928	0.000803213581178753	0.000756578531041822	0.000714112002883891
1.00655506888686	0.605270989489903	0.160565056276256	0.0711716494961727	0.0397973267184276	0.0253829704962385	0.0176107099207319	0.0129509927643128	0.00993876323451946	0.00787893249915645	0.00640770165095223	0.00531978358618335	0.00449222965327076	0.00384775944645059	0.00333581550060775	0.00292219045366914	0.00258306508318524	0.00230143719105894	0.00206490524739977	0.00186424969972131	0.00169249991060993	0.00154430558611035	0.0014155041738537	0.00130281736528163	0.00120363445445575	0.00111585524958668	0.00103777452605219	0.000967995916124419	0.00090536696042356	0.00084892957512605	0.000797881887225062	0.000751548548317997	0.000709357438614491
0.996240004687979	0.606572009355332	0.160335454421314	0.0709466780989067	0.0396336793759375	0.0252638445910054	0.0175212776880919	0.012881708685333	0.00988360114331083	0.007833992594493	0.00637037693247732	0.00528827535030934	0.00446526085814368	0.00382440014529352	0.00331537321795333	0.00290413930235025	0.0025669986819813	0.00228703661883594	0.00205191674550595	0.00185246884540576	0.00168176017951141	0.00153446995066301	0.0014064588395207	0.00129446703699463	0.00119589871484727	0.0011086657561846	0.00103107281941169	0.000961731689066531	0.000899496679077011	0.000843415371085063	0.000792690660600347	0.000746651236268797	0.000704728414788111
0.986179288659192	0.607848650828173	0.160107602794731	0.0707253198847214	0.0394731400030544	0.0251471811017156	0.017433792551763	0.0128139868484305	0.00982971460762756	0.00779011174538583	0.00633394486651902	0.00525752958228692	0.00443895098030426	0.00380161614536522	0.00329543779508394	0.00288653830369429	0.00255133493210331	0.00227299851432399	0.0020392564146969	0.00184098665351064	0.00167129353526451	0.00152488508693414	0.00139764468726991	0.00128633059704981	0.00118836151759709	0.00110166112241527	0.00102454371863473	0.000955629048698908	0.000893778037528427	0.000838043795824532	0.00078763387230593	0.000741880894657682	0.000700219532328282
8.2857446333573	0.266220288214397	0.119167973164143	0.0796771872024715	0.0597695041910792	0.0478220614488178	0.039857537906474	0.0341689800807885	0.0299029380798936	0.0265852817436143	0.0239315395532285	0.0217606914787797	0.0199520657876463	0.0184221300734962	0.0171112295478616	0.0159756307420494	0.0149825497829981	0.0141069366970502	0.0133293334156289	0.0126344107625638	0.0120099480902467	0.0114461100955805	0.0109349296888779	0.0104699401101331	0.010045923453485	0.00965876353287458	0.0093054172922959	0.00898406906077551	0.00869466020171334	0.00844039348018579	0.00823242908606605	0.00810915509976808	0.00828999093501539
