6.63645798645799	0.30136557845783	0.150682789228915	0.100455192819277	0.0753413946144576	0.0602731156915661	0.0502275964096384	0.0430522254939758	0.0376706973072288	0.0334850642730923	0.030136557845783	0.0273968707688937	0.0251137982048192	0.0231819675736793	0.0215261127469879	0.0200910385638554
4.34500363557529	0.38081023906455	0.168543237907414	0.102330265437177	0.0710629765629891	0.0532282411345475	0.041868425033881	0.0340850664586764	0.0284672139620226	0.0242506471027552	0.0209877722402342	0.018400245766238	0.0163065526332304	0.0145836588352292	0.0131454516798465	0.0119300061812092
3.52606523443621	0.419478216246489	0.173764425442131	0.100610140210905	0.0673333147391848	0.0489364729886614	0.0375287367874813	0.0298937055419621	0.0244963166818118	0.0205200384412393	0.0174945457107718	0.0151318408326457	0.0132467929600224	0.0117155911862893	0.0104526635581326	0.00939719867227244
3.04524641157019	0.445914710518225	0.175994468306526	0.0985640563287172	0.0643329842878751	0.0458388891505657	0.0345881440032537	0.0271797107416276	0.0220156998743996	0.0182579902920144	0.0154298750985109	0.0132427708319434	0.011513097851973	0.0101192538769891	0.00897793286460267	0.00803041597277656
2.71514601932158	0.466061332311822	0.176955947977571	0.0965737284680091	0.0618537176023792	0.04343394713615	0.0323928473022252	0.025211388235274	0.0202575891489716	0.0166851221305044	0.0140174260028046	0.0119685804326507	0.0103581597096632	0.00906751879743801	0.00801591487302757	0.00714677987150995
2.4691066374298	0.482325761458598	0.177264035505313	0.0947162356863802	0.0597542102962132	0.0414829256031469	0.03066109594642	0.0236907966600439	0.0189217879080879	0.0155063655667372	0.0129711268907664	0.0110341067393606	0.00951852122143887	0.00830878981103282	0.00732666315957019	0.00651757754689076
2.27603626960556	0.495942989537282	0.177199451753287	0.0930008475461451	0.0579415339184108	0.0398520126183861	0.0292443170484696	0.0224666729243904	0.0178601017729944	0.0145792994881307	0.0121554854408808	0.0103111359757727	0.00887317606958269	0.00772898233225435	0.00680262740251466	0.00604136617149832
2.11905506182008	0.507635963411581	0.176909101974098	0.0914187498153643	0.0563523222907187	0.0384584143848651	0.0280544867424355	0.021451896941115	0.0169889734749063	0.013824987135203	0.0114964783040883	0.00973048366675684	0.00835753346890812	0.00726778336095817	0.00638743690653526	0.00566538812246636
1.98804471910525	0.517866017873748	0.176476995375492	0.0899567769886383	0.0549416837386633	0.0372473161302239	0.0270352337449374	0.0205919085927694	0.0162569548299637	0.0131954874239153	0.0109496621030847	0.00925101888916995	0.00793352178191589	0.00688991097898862	0.00604833767170512	0.00535917387678443
1.87649808285426	0.526946154849375	0.175954251077521	0.0886016570977673	0.0536767438586499	0.0361805735674424	0.0261483653537818	0.0198504136177227	0.0156302979525681	0.0126597072370008	0.0104864838183366	0.00884652956120964	0.00757704821626153	0.00657317497479502	0.00576484164310785	0.00510375717445974
1.78000364346994	0.535098735885212	0.17537342266058	0.0873413035681988	0.0525327487293881	0.0352306033784946	0.0253668696425291	0.0192021361293419	0.0150857771961858	0.0121964518755196	0.0100876349110623	0.00849941015382476	0.00727202540098398	0.00630283426679499	0.00552340006413307	0.00488664613775097
1.69544501048187	0.542487505737338	0.17475596254098	0.0861651066710942	0.0514906171303632	0.0343768383586454	0.024670982212873	0.018628825794479	0.0146067928903936	0.0117906974534505	0.00973952186998468	0.0081973378646723	0.00700724932373225	0.00606866710882369	0.00531465392792263	0.00469924111524794
1.62054673745204	0.549236574876473	0.174116380187398	0.0850638814734207	0.050535345207756	0.0336035531715736	0.0240458366784575	0.0181169131443862	0.0141811124225859	0.0114314518218027	0.00943225811210462	0.00793139531022453	0.00677464717765228	0.00586333604195221	0.005131907158856	0.00453540721535656
1.55360166999947	0.55544227197795	0.173464683944745	0.084029709168558	0.0496549324311398	0.0328984699002487	0.0234799913675603	0.0176560609716605	0.0137994901393379	0.0111104593681677	0.00915845714894072	0.00769494947127818	0.00656823681756418	0.00568142159981771	0.00497022815607957	0.00439063753695179
1.49329957539114	0.561180863798701	0.17280787749691	0.0830557593369509	0.0488396377658507	0.03225183023187	0.0229644680144933	0.017238231416372	0.0134547872991044	0.0108213816437892	0.00891247414633836	0.0074829511123462	0.00638347964705347	0.00551882392273394	0.00482589550468544	0.00426153866280098
1.43861524681317	0.566513762778815	0.172150909899568	0.0821361243443124	0.0480814516690125	0.0316557587748855	0.0224921033399188	0.0168570639890191	0.0131413905070056	0.0105592597259837	0.00868991119438347	0.00729148007479798	0.0062168624228923	0.00537237750521185	0.00469604229567741	0.0041455014785165
1.38873305280096	0.57149114547485	0.171497296830807	0.0812656752027533	0.0473737130922387	0.0311038145055148	0.0220570991698806	0.0165074485335707	0.0128548155937716	0.0103201503530072	0.00848728425224281	0.00711744053690093	0.00606561806464378	0.0052395948614506	0.00457842016583328	0.00404048336253397
1.34299464076546	0.576154531318319	0.170849537186653	0.0804399397927823	0.0467108263163696	0.0305906674885835	0.0216547026320927	0.0161852245312838	0.0125914306997016	0.0101008730290635	0.00830179277554247	0.00695835107988114	0.00592753398974342	0.00511849108183741	0.0044712382262205	0.00394485985192617
1.3008618139422	0.580538661230342	0.170209398529385	0.0796550013319501	0.046088048020571	0.0301118612140698	0.0212809739619167	0.015886964662435	0.0123482582658628	0.00989883014675654	0.0081311565733111	0.00681219656590132	0.00580081730741813	0.00500746077284822	0.00437305035273774	0.00385732106449398
1.26188962337247	0.584672892741967	0.16957811635335	0.0789074141546277	0.0455013247256341	0.0296636347912432	0.0209326147544204	0.0156098159795414	0.0121228306100796	0.00971187642329642	0.00797349786396748	0.00667732141346554	0.00568399796741458	0.00490518986419556	0.00428267458633553	0.00377679777046073
1.22570650131473	0.588582253786655	0.168956535459018	0.0781941339039069	0.0449471669972799	0.0292427878403687	0.0206068388156997	0.0153513813467567	0.0119130827192869	0.00953822241413296	0.0078272544352447	0.00655235126049678	0.00557585785723322	0.00481059119128794	0.0041991343780695	0.0037024075945638
1.19199935102971	0.592288250781295	0.168345211680704	0.0775124595728846	0.0444225508956804	0.0288465763903759	0.0203012736072057	0.0151096295759289	0.0117172714107319	0.00937636205894523	0.0076911146551482	0.0064361345056281	0.00547537801921849	0.00472275664016932	0.00412161501989143	0.00363341518619237
1.16050219093355	0.595809496723732	0.167744485994964	0.0768599852378998	0.0439248399063018	0.0284726316556555	0.0200138840342492	0.0148828263732415	0.011533913512317	0.00922501748658687	0.0075639681194408	0.00632769803166089	0.00538169876224017	0.00464092105272124	0.0040494308373362	0.0035692022716531
1.13098739068186	0.599162205378893	0.167154539093378	0.0762345597103099	0.0434517224653632	0.0281188959406611	0.0197429128035434	0.01466948061576	0.011361737982631	0.00908309641870506	0.00744486767565658	0.00622621321872518	0.00529408910671831	0.00456443462675633	0.00398200014209226	0.0035092448208064
1.1032588260924	0.60236058441891	0.166575431948587	0.0756342526660027	0.0430011614988577	0.0277835715356065	0.0194868332372552	0.0144683020817578	0.0111996483969979	0.00894965890692286	0.00733299984923241	0.00613096953720849	0.00521192308978258	0.00449274154812583	0.00391882586797368	0.00345309541677874
1.07714647418752	0.605417151336046	0.16600713621473	0.0750573260880498	0.042571353316178	0.0274650795837944	0.0192443115695568	0.0142781678497353	0.0110466932443052	0.00882389107807548	0.00722766156009469	0.00604135380174867	0.00513466118350351	0.00442536325953771	0.00385948042893972	0.00340036948570537
1.05250210263889	0.60834298964115	0.16544955716903	0.0745022100824292	0.0421606938600845	0.0271620266868307	0.0190141765446373	0.014098095335938	0.0109020421804998	0.00870508420625745	0.00712824160765635	0.00595683370682044	0.00506183557283352	0.00436188522372335	0.00380359375441115	0.00335073442769857
1.02919580044212	0.611147958394136	0.164902551126525	0.0739674823072761	0.0417677507945068	0.0268731775748231	0.0187953946960206	0.0139272204708198	0.0107649668751692	0.00859261787949354	0.00703420581186976	0.00587694463814956	0.00499303838128075	0.00430194635118608	0.00375084374416521	0.00330390095457926
1.00711316203583	0.613840864903453	0.164365938723155	0.0734518504005615	0.0413912402643214	0.0265974325744445	0.0185870500894235	0.0137647798933642	0.0106348254359304	0.00848594634656595	0.0069450849870017	0.00580127901717449	0.00492791217207713	0.00424523048188928	0.00370094858597829	0.00325961612465942
0.986152983933314	0.616429608094232	0.163839515085603	0.0729541369064985	0.0410300074234489	0.02633380890505	0.0183883276038391	0.013610096315721	0.010511049646032	0.00838458735744081	0.00686046513154944	0.00572947762346961	0.00486614222336669	0.00419145946605718	0.00365366052182133	0.00321765769587078
0.966225366943639	0.618921298321576	0.163323057638466	0.0724732662932237	0.0406830100246174	0.0260814250533768	0.0181984990406497	0.0134625664107754	0.0103931344332853	0.00828811297631479	0.00677997936753124	0.00566122247575059	0.00480745019917757	0.00414038750153026	0.00360876075104268	0.00317782951268181
0.947250142042648	0.621322358120563	0.16281633210697	0.0720082537282068	0.0403493045136225	0.0258394876424317	0.0180169115105816	0.0133216507234076	0.0102806291231447	0.00819614196801481	0.00670330127223809	0.00559623095138579	0.00475158892796106	0.00409179646700141	0.00356605523372802	0.00313995771074351
0.929155556511207	0.62363860741626	0.162319097133703	0.0715581953372113	0.040028034185377	0.02560728033506	0.0178429776685507	0.0131868652169981	0.0101731301291522	0.00810833344893295	0.00663013932697835	0.00553425089781647	0.00469833806698018	0.00404549205086143	0.00352537121250285	0.0031038875736149
0.911877170884669	0.625875335980298	0.161831107825539	0.071122259720488	0.0397184190474521	0.0253841544080695	0.0176761674576897	0.0130577741504289	0.0100702748095348	0.00802438156157917	0.0065602322683517	0.00547505654422414	0.00464750048046926	0.00400130052040954	0.00348655431205083	0.00306948091341523
0.895356927809801	0.628037365354719	0.161352118471178	0.0706996805386123	0.0394197471056334	0.0251695207062493	0.0175160010936905	0.0129339840446254	0.00997173627616085	0.00794401098329261	0.0064933451737234	0.00541844506325441	0.00459889919690243	0.00395906601008142	0.00344946610645788	0.00303661387541861
0.879542361973008	0.630129102025664	0.16088188461338	0.0702897500118359	0.0391313668400088	0.0249628427426772	0.0173620430745216	0.0128151385467415	0.00987721898607589	0.00786697311899629	0.00642926614777141	0.00536423366419739	0.00455237483917046	0.00391864823309961	0.00341398206789527	0.00300517508796496
0.864385926483647	0.632154583287335	0.160420164617556	0.0698918132024805	0.0388526806827513	0.0247636307563527	0.0172138970425449	0.0127009140381073	0.00978645497984883	0.00779304285821161	0.00636780350406599	0.00531225712329306	0.00450778344330014	0.00387992054068521	0.00337998982807024	0.00297506409539745
0.849844415929652	0.634117516967622	0.159966720846392	0.0695052629709149	0.0385831393426835	0.0245714365733761	0.0170712013589435	0.0125910158617523	0.0096992006574439	0.00772201580011675	0.00630878335664749	0.00526236567562271	0.00446499459823709	0.00384276826821434	0.00334738769769951	0.00294619002433359
0.835878470106603	0.636021315973646	0.159521320525741	0.0691295355129338	0.0383222368488534	0.0243858491458113	0.0169336252763448	0.0124851750686719	0.0096152340031107	0.00765370586887851	0.00625204755298154	0.00521442320770875	0.00442388985237008	0.00380708731956872	0.00331608340001356	0.00291847044336583
0.822452145404429	0.637869128445505	0.159083736368389	0.0687641064006183	0.0380695062072082	0.0242064906646596	0.0168008656161512	0.0123831456004984	0.00953435218719124	0.00758794325602513	0.00619745189258364	0.00516830570146455	0.00438436134280145	0.00377278295023248	0.00328599298272192	0.00289183038394918
0.809532543203139	0.639663864170176	0.158653747007899	0.0684084870605737	0.0378245155821467	0.0240330131612804	0.0166726438735873	0.0122847018409732	0.00945636948578499	0.00752457263815999	0.00614486458583331	0.00512389988924675	0.00434631061152523	0.00373976871702984	0.00325703987951197	0.00286620149627115
0.797089486519298	0.641408217797436	0.158231137283584	0.0680622216332762	0.037586864929134	0.0238650955260603	0.016548703686743	0.0121896364804339	0.00938111546964317	0.00746345162752133	0.00609416491564817	0.0050811020870144	0.00430964757916137	0.00370796556823035	0.0032291540974257	0.00284152131868817
0.785095237663306	0.643104689310349	0.157815698409029	0.0677248841654621	0.0373561830163481	0.0237024408848824	0.0164288086166164	0.0120977586470521	0.00930843342205287	0.00740444942028393	0.00604524207122344	0.00503981717840569	0.00427428965208173	0.00367730105240979	0.00320227151066876	0.00281773264313471
0.773524250894015	0.64475560212994	0.157407228049798	0.0673960760943778	0.0371321247830128	0.0235447742835451	0.0163127401938896	0.0120088922662809	0.00923817895225745	0.00734744561346594	0.00599799412830981	0.00499995772721854	0.00424016094293754	0.00364770862820088	0.00317633324478738	0.00279478296197844
0.762352955053156	0.646363119173919	0.157005530330634	0.0670754239884851	0.0369143689900754	0.0233918406381469	0.0162002961952942	0.0119228746162638	0.00917021877647613	0.00729232916614669	0.00595232715477298	0.00496144319956669	0.00420719158797297	0.00361912706009559	0.00315128513787976	0.00277262398427091
0.751559561974965	0.647929257140018	0.156610415788312	0.0667625775141021	0.0367026161255224	0.0232434029159455	0.0160912891182799	0.0118395550521039	0.00910442964309342	0.00723899748465222	0.00590815442365614	0.00492419928006324	0.00417531714725412	0.0035914998879205	0.00312707726772479	0.00275121121135199
0.741123897132962	0.649455899243742	0.156221701282959	0.0664572076015851	0.0364965865321568	0.0230992405165684	0.0159855448275227	0.0117587938761343	0.00904069738228941	0.00718735561460311	0.00586539571881421	0.00488815726890201	0.0041444780761845	0.00356477495961423	0.00310366353552014	0.0027305035634039
0.731027249535134	0.6509448066064	0.155839209878061	0.066159004788169	0.0362960187302836	0.0229591478279213	0.015882901350813	0.0116804613348285	0.00897891606343339	0.00713731552538522	0.00582397672052983	0.00485325354877675	0.00411461925851826	0.00353890401858299	0.0030810012984038	0.00271046304989297
0.721252238333174	0.652397628460969	0.155462770697279	0.0658676777175665	0.0361006679116336	0.0228229329348656	0.0157832078051869	0.0116044367258961	0.00891898724609077	0.0070887954748089	0.00578382846045557	0.00481942911228511	0.0040856895926001	0.0035138423382673	0.00305905104415413	0.00269105447794127
0.711782693989131	0.653815911319626	0.155092218764524	0.0655829517789826	0.0359103045841246	0.0226904164618638	0.0156863234369428	0.0115306076015296	0.00886081931259474	0.00704171944355302	0.0057448868368305	0.00478662914187969	0.00405764162381659	0.00348954839767549	0.00303777610247294	0.00267224519358338
0.702603552157846	0.655201107226774	0.154727394832442	0.0653045678703854	0.0357247133498289	0.0225614305334172	0.0155921167615164	0.0114588690557923	0.00880432687188904	0.00699601663051658	0.00570709218225576	0.00475480263560541	0.00403043121728869	0.00346598359257251	0.00301714238809446	0.00265400485162102
0.693700758707407	0.656554581204559	0.154368145203355	0.065032281272753	0.0355436918008589	0.0224358178383404	0.0155004647911444	0.0113891230858365	0.00874943022581868	0.00695162100147854	0.00567038887743022	0.00472390207284587	0.00400401726570663	0.00344311197779102	0.002997118171662	0.0026363052104199
0.68506118452166	0.657877617983548	0.154014321545886	0.0647658606236356	0.0353670495198841	0.0223134307857951	0.015411252339904	0.0113212780180728	0.00869605489028236	0.00690847088453924	0.00563472500518503	0.00469388311512591	0.0039783614279391	0.00342090003678279	0.00297767387489881	0.00261911994852093
0.676672548915861	0.659171428099109	0.153665780709789	0.0645050869797699	0.0351946071736972	0.0221941307426022	0.0153243713971153	0.0112552479916241	0.00864413116470432	0.00686650860672176	0.00560005203994455	0.00466470433771113	0.00395342789466252	0.0033993164750763	0.0029587818870912	0.00260242450038166
0.668523350654913	0.660437153423639	0.153322384540965	0.0642497529596912	0.0350261956897065	0.0220777873427133	0.0152397205612877	0.0111909524924198	0.00859359374416722	0.00682568016687644	0.00556632456840855	0.00463632698833068	0.00392918317777453	0.00337833203476799	0.00294041640031567	0.00258619590893717
0.660602805698051	0.661675872195944	0.152983999698194	0.0639996619583424	0.0348616555064903	0.0219642778608842	0.0151572045278033	0.0111283159321637	0.00854438136929897	0.00678593494068107	0.00553350003781547	0.00460871476984607	0.00390559592079444	0.00335791932756524	0.00292255326119219	0.00257041269298546
0.652900790908372	0.662888603601431	0.152650497472767	0.0637546274265906	0.0347008358906263	0.021853486643594	0.0150767336244039	0.0110672672671532	0.00849643650964616	0.00674722541408196	0.00550153852862755	0.00458183364410986	0.00388263672782571	0.00333805268423048	0.00290516983724272	0.00255505472767013
0.645407793063436	0.66407631195024	0.152321753611902	0.0635144722093613	0.0345435943129437	0.0217453045911084	0.0149982233892888	0.0110077396525638	0.00844970507681387	0.00670950694199272	0.00547040254888849	0.00455565165461772	0.00386027800897312	0.00331870801855855	0.00288824489618684	0.002540103136561
0.638114862586974	0.665239910494781	0.151997648146608	0.0632790279367944	0.0343897958781543	0.0216396286853266	0.0149215941872735	0.0109496701283623	0.00840413616412064	0.00667273752947173	0.00544005684785539	0.00453013876586444	0.00383849384037807	0.00329986270425993	0.00287175849672214	0.00252554019402775
0.631013571493765	0.666380264923244	0.151678065224472	0.0630481344634394	0.0342393128025194	0.0215363615586926	0.0148467708600113	0.010892999333484	0.0083596818099201	0.00663687763294587	0.00541046824680731	0.0045052667175776	0.0038172598372679	0.00328149546332929	0.00285569188952174	0.00251134923676778
0.6240959751018	0.667498196561408	0.1513628929477	0.0628216393510403	0.0340920239348196	0.0214354111000018	0.0147736824067566	0.0108376712453139	0.00831629678208833	0.00660188997934697	0.005381605485192	0.00448100889222927	0.00379655303861474	0.00326358626465585	0.00284002742734002	0.0024975145834925
6.69951169789474	0.311720198567592	0.147745947860609	0.0985912628226577	0.0739693250952162	0.0591994593021984	0.0493568853938817	0.0423310474935682	0.0370671696963956	0.0329800274451267	0.0297197432919457	0.0270659539270778	0.0248764652891201	0.0230644406257865	0.0216056424867945	0.0207064307020297
4.71296879055331	0.379133478281064	0.161922138477474	0.100250545739756	0.0706461705512549	0.0535614672400427	0.0425709855817347	0.0349759466140441	0.029453353155475	0.025282339187604	0.022038878585794	0.019459151938408	0.0173730256555418	0.0156715943879337	0.0143011866561991	0.0133597379476734
3.91006892261206	0.414524806277428	0.166713013035828	0.099116573300336	0.0676099507494681	0.0498884652747731	0.0387428455439372	0.0311938375408678	0.0258029595494719	0.0217974124587979	0.0187284758990895	0.0163201131521491	0.0143957139500196	0.0128418037681836	0.0115974380407751	0.0107265914588759
3.42044951042227	0.43931877598497	0.168959813818654	0.0975834028539842	0.0650719543691802	0.0471390794710671	0.036047921682674	0.0286445977758124	0.0234252760066531	0.0195912585479009	0.0166835966193189	0.0144225553433441	0.0126304486312182	0.0111932769737267	0.0100476891705779	0.00924035275091877
3.07691991510152	0.458485784786112	0.17006353531107	0.0960127696276389	0.0629184891743975	0.0449504921402501	0.0339844400678263	0.0267474371413161	0.0216954628678787	0.0180163215744775	0.0152473261175512	0.0131086097631993	0.0114235028955653	0.0100789519743884	0.00901101418222577	0.0082558623761021
2.81703434691105	0.474112949196075	0.170552385348005	0.094499768175723	0.0610583781379182	0.0431414095831104	0.0323260028537469	0.0252542191874384	0.0203565424305129	0.0168141500479341	0.0141639918066483	0.0121277832005684	0.0105307852809439	0.00926148956217585	0.00825616686559466	0.00754397832360494
2.61081384298542	0.487294084500363	0.170676654246396	0.0930707408528178	0.0594270458324874	0.0416065717568234	0.0309492820770607	0.0240347523456247	0.0192773028367993	0.0158556167799029	0.0133081720297859	0.0113591360664497	0.00983610372631296	0.0086293486930251	0.00767574008280628	0.00699944817334524
2.44165447679467	0.498679258736214	0.170571373247554	0.0917298333881486	0.0579783494021717	0.0402790517649773	0.0297793510476736	0.0230121533264955	0.0183818720844706	0.015067310494602	0.0126095746821117	0.0107357244842942	0.0092758454167694	0.00812206366443154	0.00721203244721638	0.00656620581286961
2.29945246678754	0.508688109016205	0.170315854316888	0.090473435500704	0.0566784752844057	0.039113552359915	0.0287672392640374	0.0221372983040639	0.0176225919723658	0.0144037506445212	0.0120251556231713	0.0102169657852096	0.0088117884201665	0.00770359156353835	0.00683089671286051	0.00621129523194727
2.17763194253146	0.517607981645096	0.169959571453092	0.0892953653414646	0.055502004038406	0.0380779679306014	0.0278791995486161	0.0213769626029005	0.0169676848103055	0.0138349600110964	0.0115268185351341	0.00977659225351145	0.00841937530924098	0.00735092714658771	0.00651066718710726	0.0059139221868401
2.07169081696086	0.525644572108212	0.169534796986244	0.0881888768979908	0.0544293840255246	0.0371487156488727	0.0270910155213658	0.0207076804368343	0.0163949780092989	0.0133402279365361	0.0110953130261854	0.00939673486776889	0.0080820050385822	0.00704860511963169	0.00623685206705808	0.00566024230989451
1.97842223125943	0.532950332237572	0.169063316270597	0.0871474503296566	0.0534452738453522	0.0363079710017192	0.026384744034217	0.0201123018048729	0.0158884368973432	0.0129047050169352	0.010716935920684	0.00906475236721407	0.00778799676258434	0.0067857957892931	0.00599934691191388	0.00544064081004501
1.89546789347502	0.539641457711455	0.16856023460358	0.0861650831379224	0.0525374255159152	0.0355419421876461	0.0257467386343537	0.0195779395280433	0.0154361238351341	0.0125174192350272	0.0103816260989035	0.00877141357652116	0.00752886087531405	0.00655466093347878	0.00579086566776001	0.00524820845894495
1.8210473924305	0.545808574660423	0.168036249249323	0.0852363694775355	0.0516959122655778	0.034839746234785	0.0251663929569857	0.0190946838006287	0.0150289347493019	0.0121700589544528	0.01008180470428	0.00850979817004204	0.00729825949045745	0.00634937040195388	0.00560600661820977	0.00507783826604319
1.75378666989705	0.551523745565066	0.167499063183416	0.0843564898457877	0.0509125817677769	0.0341926509229319	0.0246353106741083	0.0186547644665437	0.0146597840227026	0.0118561941616063	0.00981163806010424	0.00827460218187323	0.00709135306642936	0.00616548685129048	0.00544067041543222	0.00492566481493094
1.69260521868504	0.556845222335109	0.166954295747402	0.0835211652167973	0.0501806606370215	0.0335935481667181	0.0241467393928667	0.0182519865383536	0.0143230602282997	0.0115707602793141	0.00956655210884186	0.00806168292156623	0.00690437424339601	0.00599956608523068	0.00529168344440039	0.00478870265468185
1.63663953703018	0.561820765776526	0.166406086589118	0.0827265999393177	0.0494944628147011	0.0330365788766273	0.0236951739378468	0.0178813388998881	0.0140142519458057	0.0113097056468875	0.00934290265519015	0.00786775139262396	0.00673434101151117	0.00584888905497725	0.00515654609982519	0.00466460535915495
1.58518977049541	0.566490022128147	0.165857506279014	0.0819694242157385	0.0488491708423832	0.0325168598541667	0.0232760717540569	0.0175387163633154	0.0137296839695863	0.0110697445088276	0.00913774547944259	0.00769015879905141	0.00657885837504994	0.00571127716567289	0.00503325982987011	0.00455150043567816
1.53768163995736	0.570886261544336	0.165310841539074	0.0812466407020663	0.0482406692650615	0.0320302811552047	0.0228856445386155	0.0172207180079908	0.0134663272332971	0.0108481800228492	0.00894867238383042	0.00752674489019172	0.00643597795254302	0.0055849619327972	0.00492020540859851	0.00444787342354468
1.49363871607392	0.575037674034878	0.164767797104359	0.0805555768262263	0.047665415972473	0.0315733531973508	0.0225207029232436	0.0169244981103465	0.0132216591972676	0.0106427749255795	0.00877369190037251	0.00737572802146385	0.0063040965204382	0.00546849105597684	0.00481605543707281	0.00435248477295103
1.45266186090852	0.57896835174085	0.164229640938024	0.0798938430622329	0.047120341588559	0.0311430896673673	0.0221785388445069	0.0166476541124439	0.0129935595427233	0.0104516553660067	0.00861114094362505	0.00723562400949224	0.00618188134884128	0.00536065947405834	0.00471971026315194	0.00426430909811782
1.41441373720669	0.582699044586084	0.163697310210987	0.079259296801073	0.0466027698960755	0.030736916640637	0.0218568351815766	0.0163881411740627	0.0127802310522409	0.010273238282846	0.00845961833915979	0.00710518527119103	0.00606821435309205	0.00526045791714597	0.00463025026446927	0.0041824900293594
1.37860696697637	0.586247749365019	0.163171489638982	0.0786500112315148	0.0461103542437725	0.030352601191071	0.0215535954476103	0.0161442061298551	0.0125801387708524	0.0101061757921281	0.00831793409647883	0.00698335451393636	0.00596214970499026	0.00516703394368119	0.00454689978151991	0.00410630614858863
1.34499496150051	0.589630174515167	0.162652670045745	0.0780642485922453	0.0456410262426931	0.0299881946966855	0.0212670884481212	0.0159143358287545	0.0123919626440178	0.00994931206124807	0.00818507019786268	0.00686922903636525	0.00586288123286526	0.00507966203653234	0.00446899948652697	0.00403514493517052
1.31336473614965	0.592860110810574	0.162141192586546	0.077500437184955	0.0451929540154489	0.0296419873664495	0.0209958042598642	0.0156972162807648	0.0122145602321225	0.00980164948142397	0.00806014993413224	0.0067620328817154	0.00576971704814993	0.00499772037235485	0.00439598495456134	0.00396848259093763
1.28353121982134	0.59594972995661	0.161637282443918	0.0769571515987142	0.0447645079465323	0.0293124714346404	0.0207384188766929	0.0154917000272108	0.0120469370563324	0.00966232185554499	0.00794241366849412	0.00666109488120392	0.00568205957989632	0.00492067257479642	0.0043273698584399	0.00390586824097343
1.25533270378037	0.59890982729321	0.161141074707485	0.076433095666012	0.0443542323773451	0.0289983111210662	0.0204937655648473	0.0152967798403579	0.0118882227920865	0.00953057294246457	0.00783119949384133	0.00656583116998147	0.00559938970688196	0.00484805323680647	0.00426273265456187	0.00384691143305262
1.22862716891238	0.601750020712734	0.160652634392207	0.0759270877392663	0.0439608220531459	0.0286983179241361	0.0202608114654174	0.0151115673460033	0.0117376519918357	0.00940573913609252	0.00772592765687673	0.00647573113776058	0.00552125403000248	0.00477945632634931	0.00420170593514963	0.00379127215302302
1.2032892972124	0.604478914943441	0.160171972020044	0.0754380479388107	0.0435831023988272	0.0284114301550066	0.0200386383390921	0.0149352755123667	0.0115945483507604	0.00928723536857857	0.00762608791161983	0.00639034604453737	0.00544725457664101	0.00471452582141246	0.00414396783896337	0.00373865277989956
1.17920802135457	0.607104238191824	0.159699055815324	0.0749649870777759	0.0432200129027045	0.028136695872549	0.0198264266094384	0.0147672042026743	0.011458311769414	0.00917454355097267	0.00753122917265893	0.00630927972413897	0.00537704040677576	0.00465294808550564	0.00408923506690086	0.00368879155134283
1.1562845011536	0.609632956542339	0.159233821295622	0.0745069970158758	0.0428705930407021	0.0278732585663807	0.0196234420540401	0.0146067281756493	0.0113284076431273	0.00906720302826969	0.00744095098971499	0.00623218093792773	0.00531030071957889	0.00459444561437313	0.00403725716031262	0.00364145721608658
1.13443044148642	0.612071370321133	0.158776178845393	0.0740632422334964	0.0425339702904536	0.027620345076417	0.0194290246371328	0.0144532870570162	0.0112043579382545	0.00896480264644846	0.00735489647639545	0.00615873704352636	0.00524675915381496	0.0045387718721076	0.00398781178127047	0.00359644462714031
1.11356668542678	0.61442519573028	0.158326019717207	0.0736329524505519	0.0422093498751591	0.0273772553448112	0.0192425790863379	0.0143063769094749	0.0110857337128174	0.00886697411916787	0.00727274640884898	0.00608866871956298	0.00518616904542714	0.00448570699957257	0.00394070079417743	0.00355357108660328
1.09362203077931	0.616699634372567	0.157883220800199	0.0732154161422066	0.0418960059472778	0.0271433536785736	0.0190635668991318	0.0141655431077474	0.0109721488127681	0.00877338644963782	0.00719421427229595	0.00602172554454496	0.00512830945817335	0.00443505422642598	0.00389574699301325	0.00351267329543697
1.07453222916331	0.618899432758753	0.157447648416843	0.0728099748266316	0.0415932739771507	0.0269180612649552	0.0188914995285411	0.0140303742858721	0.010863254531273	0.00868374121478941	0.00711904208065218	0.00595768227121798	0.00507298184284429	0.00438663685456126	0.00385279135236435	0.00347360479355146
1.05623913519793	0.621028933479391	0.157019161350166	0.0724160180192001	0.0413005441550752	0.0267008497314462	0.0187259325470394	0.0139004971706734	0.0107587350616352	0.0085977685584587	0.00704699683062577	0.005896335670808	0.00502000721085355	0.00434029570860185	0.00381169070614053	0.00343623379988501
1.03868997983212	0.623092119402755	0.156597613258845	0.0720329787635855	0.0410172556498428	0.0264912355813452	0.018566460626287	0.0137755721517027	0.0106583036079871	0.00851522377091814	0.00697786747957559	0.0058375018469976	0.00496922373126429	0.00429588697045545	0.003772315777641	0.00340044138079712
1.02183674691832	0.625092652007859	0.156182854603476	0.07166032966365	0.0407428915943387	0.0262887753668079	0.0184127132007765	0.0136552894664465	0.0105616990440615	0.00843588435595353	0.00691146235812612	0.00578101393925169	0.00492048467836119	0.00425328033147998	0.00373454949991343	0.00336611988949819
1.00563563609446	0.627033904761188	0.155774734181139	0.0712975793512445	0.0404769746909866	0.0260930614859343	0.0182643507075435	0.0135393659020913	0.0104686830309548	0.00835954750541629	0.00684760694553893	0.00572672015056451	0.00487365667096875	0.00421235740872046	0.00369828557725848	0.00333317163045072
0.990046598171579	0.628918992285712	0.155373100345107	0.0709442693344733	0.040219063347776	0.0259037185102195	0.0181210613133219	0.013427541933003	0.0103790375211101	0.00828602791598579	0.00678614194925557	0.00567448204687425	0.00482861815580145	0.00417301038181548	0.00366342724807693	0.00330150771146717
0.975032931714709	0.630750795942131	0.154977801970809	0.0705999711789022	0.0399687482702078	0.0257203999646219	0.0179825580559341	0.0133195792273582	0.0102925625887591	0.00821515589465174	0.00672692164067705	0.00562417308504211	0.00478525809590659	0.0041351408151908	0.00362988621663956	0.00327104705316864
0.960560931497272	0.632531986338361	0.154588689216815	0.070264283980877	0.039725649446437	0.0255427854954255	0.0178485763391468	0.013215258467852	0.010209074537492	0.00814677570884997	0.0066698124077532	0.00557567733399113	0.00474347483225182	0.00409865863653846	0.00359758172722987	0.00324171553097986
0.946599581112189	0.63426504319875	0.154205614119968	0.0699368320977654	0.0394894134726995	0.0253705783715972	0.0177188717303097	0.0131143774406885	0.0101284042440374	0.00808074414476914	0.00661469149179159	0.00552888835977671	0.00470317509211225	0.0040634812476889	0.00356643975880465	0.00321344522924137
0.933120283320191	0.635952272955479	0.153828431056103	0.0696172631047259	0.0392597111742083	0.0252035032739685	0.0175932180183229	0.0130167493546104	0.0100503957041569	0.00801692924348368	0.00656144588141874	0.00548370825034469	0.00466427312242711	0.00402953274809631	0.00353639232209394	0.00318617379055998
0.920096622770808	0.637595824367869	0.153456997091755	0.0693052459516749	0.0390362354834193	0.0250413043336671	0.017471405496222	0.0129222013578877	0.00997490475211808	0.00795520918956083	0.00650997134111267	0.00544004675977505	0.00462668992995454	0.00399674325448667	0.00350737684411638	0.00315984384638013
0.907504156593996	0.639197702428556	0.153091172247399	0.069000469297588	0.0388186995431597	0.0248837433870953	0.0173532394382171	0.012830573226248	0.00990179792976303	0.00789547133087106	0.00646017155538705	0.00539782055510503	0.00459035261303218	0.00396504830292679	0.00347933562756885	0.00313440251708303
0.895320229068759	0.640759780776692	0.152730819688921	0.0687026400022325	0.0386068350067837	0.024730598419622	0.0172385387456175	0.012741716198904	0.00983095148493637	0.0078376113116836	0.00641195737271082	0.00535695255152455	0.0045551937721892	0.00393438832178695	0.00345221537457783	0.00310980097181782
0.883523807159578	0.642283812806053	0.152375805860897	0.0684114817579617	0.0384003905114488	0.0245816621742235	0.0171271347398817	0.0126554919432904	0.00976225048213226	0.00778153230389422	0.00636524613572082	0.00531737132395867	0.00452115098885924	0.0039047081658886	0.00342596676596473	0.00308599403982549
0.872095334195823	0.64377144162894	0.152026000572747	0.0681267338463797	0.0381991303039049	0.0244367409047055	0.0170188700842154	0.0125717716319966	0.00969558801079044	0.00772714432352409	0.00631996108633244	0.00527901058488726	0.00448816636309891	0.00387595670362942	0.00340054408854965	0.00306293986629841
0.861016599372304	0.645224209034116	0.151681277046829	0.067848150006556	0.0380028330009905	0.0242956532560009	0.0169135978178015	0.012490435117785	0.00963086447881201	0.00767436362153509	0.00627603083605415	0.00524180871977618	0.00445618610258825	0.00384808645012108	0.00337590490415489	0.00304059960687913
0.850270621085838	0.646643563557939	0.151341511935874	0.0675754974030874	0.0378112904693934	0.0241582292564456	0.0168111804889797	0.0124113701945912	0.00956798698065739	0.00762311213959915	0.00623338889323068	0.0052057083727638	0.00442516015633193	0.00382105324040933	0.00335200975491368	0.0030189371557838
0.839841542405006	0.648030867771729	0.151006585315834	0.0673085556837004	0.0376243068112574	0.0240243094089763	0.0167114893755853	0.0123344719341008	0.00950686873089274	0.00757331702279438	0.00619197324012762	0.00517065607630883	0.00439504188743494	0.00379481593771003	0.0033288219002783	0.00299791890327041
0.829714537207896	0.649387404874718	0.150676380659129	0.0670471161172994	0.0374416974439342	0.0238937438699259	0.0166144037822474	0.0122596420889229	0.0094474285553187	0.00752491018232377	0.00615172595376877	0.00513660191939708	0.00436578778012687	0.00376933617231827	0.00330630708178211	0.00297751351878789
0.819875725723312	0.650714384670286	0.150350784792384	0.0667909808044195	0.0372632882636575	0.0237663917055677	0.0165198104058067	0.012186788554591	0.00938959043288662	0.007477827902301	0.00611259286527947	0.00510349924965591	0.00433735717688336	0.00374457810745726	0.00328443331216513	0.00295769175665896
0.81031209838096	0.652012948993241	0.150029687842017	0.0665399619529574	0.0370889148841831	0.0236421202178186	0.0164276027611637	0.0121158248836514	0.00933328308251693	0.00743201048545076	0.0060745232532017	0.00507130440536051	0.00430971204206278	0.00372050822884739	0.00326317068594142	0.0029384262815861
0.801011447020706	0.653284176647397	0.149712983170435	0.0662938812128548	0.0369184219425273	0.0235208043315956	0.0163376806608562	0.0120466698459763	0.0092784395897072	0.00738740193325422	0.00603746956685145	0.00503997647385414	0.00428281674895833	0.00369709515521151	0.00324249120888282	0.00291969151163848
0.79196230263426	0.654529087905365	0.149400567305108	0.0660525690641091	0.0367516624648821	0.0234023260372421	0.0162499497425107	0.0119792470301854	0.00922499706847832	0.00734394965665194	0.00600138717630392	0.00500947707336346	0.00425663788757665	0.00367430946730218	0.00322236864423018	0.00290146347669111
0.783153878918048	0.655748648616192	0.149092339862387	0.0658158642530965	0.0365884972865974	0.023286573882248	0.0161643210390347	0.0119134844817066	0.00917289635477201	0.00730160421391415	0.00596623414603202	0.00497977015558042	0.00423114409080325	0.00365212355335205	0.0032027783737302	0.00288371969055392
0.774576021006521	0.656943773961021	0.148788203467579	0.0655836132727349	0.0364287945208321	0.0231734425071713	0.0160807105870468	0.0118493143735556	0.00912208172789824	0.00726031907271503	0.00593197102960015	0.00495082182671716	0.00420630587691465	0.00363051146911784	0.00318369727184069	0.00286643903525592
0.766219158832863	0.658115331892251	0.148488063672531	0.065355669882482	0.0362724290710881	0.0230628322212739	0.0159990390695786	0.0117866727063916	0.00907250065704877	0.00722005039381426	0.00589856068313919	0.00492260018502751	0.00418209550665351	0.0036094488109193	0.00316510359165688	0.00284960165614474
0.758074264631183	0.659264146287556	0.148191828871746	0.0651318946645875	0.0361192821833826	0.0229546486138991	0.015919231489551	0.0117254990348196	0.0090241035702534	0.00718075683406526	0.00586596809560684	0.00489507517303572	0.00415848685330367	0.00358891260027304	0.00314697686129194	0.00283318886662886
6.76382627737026	0.32219315844548	0.144649334918974	0.0967414149299487	0.0726101754864818	0.0581354019903889	0.0484934739650173	0.0416153963917698	0.0364676798250055	0.0324776673780215	0.0293042430140001	0.0267348384861363	0.0246370340416081	0.0229420236295792	0.0216755851893396	0.0213225723082486
4.76108166549981	0.390889050464485	0.157480058299564	0.0979923667932453	0.0691818941533056	0.0525247911657112	0.04179759120239	0.0343792619849935	0.0289835536215879	0.0249093157699224	0.0217444814240681	0.0192338207743387	0.0172154423885777	0.0155927393303241	0.0143430343777991	0.0137325982496878
3.95065197844059	0.426736786350915	0.16154425316299	0.0967162247115911	0.0661532924838397	0.0489089752401705	0.0380418492617173	0.0306711973365566	0.0254030672756968	0.0214875064858212	0.0184889514096319	0.0161401585887494	0.014272149569052	0.0127817666234493	0.0116327361258866	0.0110210853739333
3.45613593284606	0.451760486008391	0.163291838579906	0.0951210032252373	0.0636465673062414	0.0462142282333017	0.0354042527311757	0.0281752721344812	0.0230726136909308	0.0193220131612799	0.0164781314273074	0.0142699608870708	0.0125269798636654	0.0111443322651694	0.0100798389502356	0.00949248153560675
3.10903595818419	0.471053635185924	0.164021794083074	0.0935253750492755	0.0615310698879375	0.0440745623393756	0.0333873717077948	0.0263190556648114	0.0213776424015619	0.0177761652054513	0.0150656453841046	0.0129747610470334	0.0113336090128813	0.0100374566459579	0.00904122952900907	0.00848062685580805
2.84638001813961	0.486750129131278	0.164216998151919	0.0920073372201746	0.0597101578120774	0.042308837007416	0.0317677137706484	0.0248585836409269	0.0200657981306258	0.0165961064524175	0.0140000809071524	0.0120077500127952	0.0104507928463621	0.00922539550627254	0.00828503335618533	0.00774928605374854
2.63792225341462	0.499966168081311	0.164103175736716	0.0905849154165844	0.0581171847651372	0.040812499888422	0.0304238829707149	0.0236660675446512	0.0190083591402825	0.0156550808711032	0.0131581469306623	0.0112497882717642	0.00976370912329949	0.00859737692448347	0.0077035917190428	0.00719005261582571
2.46690453311134	0.511364029315632	0.163800454447883	0.0892577157070734	0.0567051978746105	0.0395193479770971	0.0292822808967991	0.0226661339395587	0.0181309447848474	0.014881052002306	0.0124707573153686	0.0106349324078689	0.00920949671040068	0.00809335649682198	0.00723908121852221	0.00674521890521075
2.32312603037346	0.521370606240185	0.163378405119558	0.0880194564374922	0.0554401017034177	0.0383847121771806	0.0282948818887703	0.0218106667698717	0.0173868563729269	0.0142294014426815	0.0118956097376792	0.0101232061407072	0.00875038446763268	0.00767754315101075	0.00685728745259906	0.00638088089828786
