6.87910504528152	0.290735493474087	0.145367746737043	0.0969118311580288	0.0726838733685216	0.0581470986948173	0.0484559155790144	0.0415336419248695	0.0363419366842608	0.0323039437193429	0.0290735493474087	0.0264304994067351	0.0242279577895072	0.0223642687287759	0.0207668209624348	0.0193823662316058	0.0181709683421304	0.0171020878514169
4.54144454122997	0.368968374686777	0.164468761382299	0.100350039277679	0.0699477483443286	0.0525476859670926	0.041432876900844	0.0337984599178333	0.0282761020612187	0.0241232054885531	0.0209040523865386	0.0183472305824211	0.016275470137287	0.0145684405134915	0.0131418072623043	0.0119348472599561	0.0109028168382121	0.0100120809931636
3.7011127797461	0.407292400337038	0.170462774942421	0.0993771988383119	0.0668404617325017	0.0487636951126227	0.0375088326791157	0.0299503980628196	0.0245916005311023	0.0206338305871869	0.0176158230384381	0.0152544267433815	0.0133672155174384	0.0118319357486625	0.0105639320158155	0.00950293949627517	0.00860502745101426	0.00783750716585432
3.20585692388991	0.43359653411721	0.173261928506775	0.0978108196383122	0.0642015784922742	0.0459366833325137	0.0347730584082304	0.0273936230831047	0.0222332685474273	0.0184680039024894	0.0156276178532607	0.0134266275809435	0.0116829514364348	0.0102756960078353	0.00912186499482726	0.00816284511077716	0.0073562267541623	0.00667067223342247
2.8648437347621	0.453701321931597	0.174670899266947	0.0961615919013427	0.0619598990882353	0.0436974758776934	0.0326950766511786	0.0255095763717454	0.0205364292115599	0.0169400626555234	0.0142482688736216	0.0121768418446701	0.0105459365259812	0.00923699638240174	0.00816916018904925	0.00728566443693591	0.00654566470489646	0.00591913408662103
2.61005582900967	0.469970417188547	0.175344744530164	0.0945609527472671	0.0600275949544114	0.0418558869886189	0.0310359639239128	0.0240377180058138	0.019233453494898	0.0157833105298628	0.0132164739294601	0.0112515932982059	0.00971176232312637	0.00848102819833713	0.00748071439924336	0.00665585069400706	0.00596705293263561	0.00538548186148879
2.40970950779612	0.48361851856844	0.175587084164162	0.0930464017253983	0.0583378838088882	0.0403006898775251	0.0296662244020281	0.022842794646845	0.0181895811477004	0.0148666288967966	0.0124062857677978	0.0105307629070757	0.00906631639973188	0.00789960211028155	0.00695403803560312	0.00617632099057156	0.00552839300186271	0.00498247354929152
2.24652133140382	0.495357903344698	0.175559308565601	0.0916256313755829	0.0568419337642266	0.0389611267214626	0.0285076251863015	0.0218456230957421	0.0173277014417345	0.0141163384185253	0.0117479891434324	0.00994871334802572	0.00854794177173463	0.00743484152395065	0.0065347909588068	0.0057960151201615	0.00518165219269482	0.00466486402731886
2.11011575284941	0.505643800892377	0.175355206338442	0.0902959158608194	0.0555036487168131	0.0377893992492293	0.0275093134406509	0.0209959780773437	0.0165997827388969	0.0134872038448395	0.0111992943803065	0.00946603576021894	0.00811994899929148	0.00705257716228431	0.00619111650983627	0.00548518779693215	0.00489900839532431	0.00440658183639467
1.99381111213688	0.514785508568231	0.175032819163461	0.0890509690543536	0.0542958122194369	0.0367517260854115	0.0266364229447017	0.020260102470732	0.0159740201447288	0.0129496272449054	0.0107328040384048	0.00905741403612206	0.0077589411597576	0.0067311591967441	0.00590294529080363	0.00522519547059379	0.00466310372725761	0.00419142918435488
1.89307191481865	0.5230030432184	0.174629781790841	0.0878835836602355	0.0531974826022662	0.0358233727238626	0.0258640513595998	0.0196142845767473	0.0154283525017632	0.0124832842474799	0.0103298616604604	0.00870573131664164	0.0074491960861047	0.00645611767655316	0.00565692745561904	0.00500368936491024	0.00446248480353155	0.00400875495498324
1.80469045125214	0.530458619130849	0.174171385094955	0.0867866749940266	0.0521922428194866	0.0349857050425482	0.0251738264058971	0.0190412781526415	0.0149469066584648	0.0120736776210892	0.00997725510492131	0.00839893950121881	0.00717970541295238	0.00621736742052995	0.00544379609189661	0.004812128257363	0.00428925518918282	0.00385123710197767
1.72632205056546	0.537275325307524	0.173675107086737	0.0857536755705506	0.0512670067936709	0.0342243508332595	0.0245518302003692	0.0185281793181166	0.014517917669454	0.0117101432527974	0.00966532627463226	0.00812827797556886	0.00694250095281154	0.0060076373689314	0.00525689334041427	0.00464439460425912	0.00413777474826023	0.00371365870264377
1.65620582961933	0.543548798218902	0.173153297228274	0.0847786548124825	0.0504111887525653	0.0335280039820213	0.0239872844876635	0.0180651036643999	0.0141324483700109	0.0113846341624165	0.00938682743997104	0.0078872030726038	0.00673165466766209	0.00582153684969111	0.00509129813583233	0.00449597884888305	0.00400389579003054	0.00359219151659008
1.59298902332235	0.549354831365717	0.172614836366977	0.0838563218471751	0.049616113139144	0.0328876193290634	0.023471685253508	0.017644327951381	0.0137835673921223	0.0110909464313686	0.00913619824955778	0.00767071530558005	0.00654265341470158	0.0056549743787009	0.00494328541519088	0.00436347548277627	0.00388449264967567	0.0034839560273597
1.53561218724139	0.55475451282127	0.172066200313457	0.0829819809293326	0.0488745871520035	0.0322958545225217	0.0229982145242994	0.0172597141069941	0.0134658027319652	0.0108242084772909	0.00890909166436862	0.00747492055068769	0.00637199296742614	0.00550478177979751	0.00480997759352855	0.00424425928216776	0.00377716030237562	0.00338674028051363
1.48323172954976	0.559797797883249	0.171512161988257	0.0821514707419463	0.04818058546904	0.031746673299103	0.0225613294902085	0.0169063114347923	0.01317476757677	0.0105805336929988	0.00870205332894962	0.0072967346594643	0.00621690584370618	0.00536846308420291	0.00468911246423905	0.00413627029514319	0.00368001470745071	0.00329881404047831
1.43516617575309	0.564526057184969	0.170956266927985	0.0813611015506513	0.0475290138645543	0.0312350573225648	0.0221564686503099	0.016580075031449	0.0129068974779755	0.0103567779479363	0.00851229886713713	0.0071336791633175	0.00607517375752869	0.00524402205453702	0.0045788842217043	0.00403786693406734	0.00359155669608016	0.00321880234723293
1.39085799675679	0.568973934367904	0.170401162460033	0.0806075961783344	0.0469155293154785	0.0307567928598944	0.0217798372879269	0.016277662137596	0.0126592616006387	0.0101503664104875	0.00833755557365389	0.00698373661574854	0.00594499526239906	0.00512984081736546	0.00447783187650755	0.0039477230939767	0.00351057684043166	0.00314559730162408
1.34984592140739	0.573170726637344	0.169848829973769	0.0798880370135846	0.0463364012305956	0.0303083101851434	0.0214282480017864	0.0159962820453803	0.0124294245073574	0.00995916738628504	0.00817594757229971	0.00684524602658294	0.00582489036882195	0.00502459263078148	0.00438475923952393	0.00386475452803771	0.00343608749917352	0.00307829515353273
1.31174448081243	0.577141428271116	0.169300751581446	0.0791998195238522	0.0457884030749716	0.0298865608564093	0.0210990002453238	0.01573358361127	0.0122153431870371	0.00978139877222183	0.00802591099478363	0.00671682588324934	0.00571363052227769	0.00492717800030308	0.00429867644654695	0.00378806514311717	0.0033672733309048	0.00301615055516948
1.27622864615696	0.580907531344427	0.168758031478995	0.0785406119686559	0.0452687267754734	0.0294889226682972	0.0207897880171533	0.0154875696829125	0.0120152891517296	0.00961555759394748	0.00788613031996676	0.00659731655046339	0.00561018634325881	0.00483667710587388	0.00421875649751022	0.00371690715305244	0.00330345463248156	0.00295854271580138
1.24302212139954	0.584487648506492	0.168221485481532	0.0779083207005294	0.0447749144201166	0.0291131251428174	0.0204986282048085	0.0152565311202522	0.0118277886785945	0.009460366175353	0.00775548990197058	0.00648573653550445	0.00551368804187224	0.00475231384069613	0.00414430246257031	0.00365065105901426	0.00324405975735596	0.00290494997051982
1.21188830273082	0.587898003281417	0.167691707850467	0.0773010603575798	0.0443048032406614	0.0287571904763341	0.0202238043073056	0.015038995302881	0.0116515763946878	0.0093147304859711	0.0076330365805039	0.00638124884037288	0.0054233950296542	0.00467342825775817	0.00407472239697001	0.00358876271985559	0.00318860407515522	0.00285493040242527
1.18262321337083	0.591152820348861	0.167169121690037	0.0767171282707503	0.0438564809087898	0.0284193862661277	0.0199638217639708	0.014833685497269	0.0114855588142405	0.00917770753569361	0.00751795049750162	0.00628313476267965	0.005338672307213	0.00459945519799266	0.00400950991365819	0.00353078561797651	0.00313667371805605	0.00280810688918233
1.15504992169171	0.594264639338908	0.166654017305224	0.0761549824712154	0.0434282489203557	0.028098187318965	0.0197173721502003	0.0146394884690074	0.0113287853964822	0.00904847958047221	0.00740952207267119	0.00619077327250467	0.00525897191301737	0.00452990752703769	0.0039482289670145	0.00347632698665981	0.00308791288030642	0.00276415542995851
1.12901408716735	0.597244569453785	0.166146581638117	0.0756132227594199	0.0430185923812035	0.0277922445363574	0.0194833042235502	0.0144554284276274	0.0111804253540604	0.00892633351774364	0.0073071336583945	0.00610362461550409	0.00518381820037121	0.00446436285173875	0.003890501811304	0.00342504684462889	0.00304201378965383	0.00272279593654078
1.10438037368609	0.60010249782041	0.165646921024106	0.0750905743731788	0.0426261549032531	0.0275003593679125	0.0192606003168099	0.0142806458870338	0.0110397489067086	0.00881064428026846	0.00721024479006569	0.00602121715595382	0.00511279604352051	0.00440245289476983	0.00383599938077511	0.0033766492454061	0.00299870871204033	0.00268378489778741
1.08102953694047	0.602847261308109	0.165155078898944	0.0745858738619166	0.0422497176125938	0.0272214626853238	0.0190483569443108	0.0141143803791225	0.0109061120056746	0.00870086134209723	0.00711838022775649	0.00594313672976594	0.00504554130885213	0.00434385492158169	0.00378443353698362	0.00333087523239452	0.00295776352058331	0.00264690948398976
1.05885604076574	0.605486789236477	0.164671049656642	0.0740980568353692	0.0418881814909493	0.0269545971953322	0.0188457687572905	0.0139559562151791	0.0107789437932122	0.00859649766974053	0.00703112018574132	0.00586901796088085	0.00498173309489691	0.00428828476766535	0.0037355507702536	0.00328749712085171	0.00291897248023425	0.00261198276928384
1.03776609227063	0.608028222695034	0.164194789549914	0.0736261473076448	0.0415405524380773	0.0266989027078078	0.0186521151830772	0.0138047706782703	0.0106577362359263	0.00849712061136866	0.00694809229212564	0.00579853712729433	0.00492108736615278	0.00423549112512792	0.00368912704405507	0.00324631382168104	0.00288215398605788	0.00257883983038452
1.01767601130529	0.610478014925596	0.163726225302015	0.0731692484020423	0.0412059285696263	0.026453603723881	0.0184667492312937	0.0136602841698163	0.0105420354997284	0.00840234433456209	0.00686896492789173	0.00573140626038916	0.00486335169451626	0.00418525082868601	0.0036449635454033	0.0032071469902881	0.00284714705607524	0.00254733453818922
0.998510868909595	0.612842016260378	0.163265260935909	0.0727265342193905	0.0408834893627789	0.026217998922035	0.018289088062159	0.0135220119384908	0.0104314347304952	0.00831182351078418	0.00679344167421557	0.00566736823345295	0.00480830088780315	0.00413736494111117	0.00360288315922872	0.00316983783410549	0.00281380842599998	0.00251733690166286
0.980203343724161	0.615125546379594	0.162811783206544	0.0722972427039008	0.0405724863379823	0.0259914522066577	0.0181186049970901	0.0133895170990733	0.0103255679772043	0.0082252480106818	0.00672125665659942	0.0056061926493486	0.004755733333958	0.00409165548290564	0.00356272752556244	0.00313424444989669	0.00278201012771447	0.00248873085528625
0.962692756215092	0.617333456092057	0.162365665932545	0.0718806693665752	0.0402722350245263	0.0257733850504645	0.017954822717152	0.013262404709604	0.0102241050496582	0.0081423384243832	0.00665217061958561	0.00554767237820032	0.00470546792663384	0.00404796268472029	0.0035243545691778	0.00310023959016402	0.00275163745927268	0.00246141240528096
0.945924248876725	0.619470180408257	0.161926773456429	0.0714761617479205	0.0399821080045969	0.02556326991433	0.0177973074454745	0.0131403167219811	0.0101267471454054	0.00806284225931041	0.00658596760038117	0.00549162062716057	0.00465734146607267	0.00400614266669041	0.0034876364147304	0.00306770877940513	0.00272258727389312	0.00243528806796214
0.929848086988084	0.621539784336363	0.161494963411682	0.0710831145198243	0.0397015288676316	0.0253606245689769	0.0176456639492074	0.0130229276574897	0.0100332231133776	0.00798653069763929	0.0065224520963611	0.00543786844832966	0.00461120645091992	0.00396606546855763	0.00345245761837707	0.00303654871736483	0.00269476653045983	0.00241027354743813
0.914419059483104	0.623546002564851	0.161070088936241	0.070700965141568	0.0394299669365122	0.0251650071753008	0.0174995312275768	0.0129099408871865	0.00994328624742763	0.0079131958185891	0.00646144664210928	0.00538626260951614	0.00456692919341233	0.00392761336967739	0.00341871366071325	0.0030066659190908	0.00266809105966189	0.00238629261056515
0.899595963398052	0.625492273984117	0.160652000442232	0.0703291899975899	0.0391669326510045	0.0249760120058319	0.0173585787771271	0.0128010854194814	0.00985671152312772	0.00784264820879231	0.00640278972784586	0.00533666376706942	0.00452438820349087	0.00389067944988159	0.00338630965665947	0.0029779755514517	0.00264248450892846	0.00236327612536875
0.885341158437952	0.627381771830784	0.160240547028859	0.0699673009552089	0.0389119735131489	0.0247932657104246	0.0172225033447562	0.0126961131150363	0.00977329320714103	0.00777471489825738	0.00634633400384566	0.00528894489145783	0.0044834727976929	0.00385516635148211	0.00335515924638805	0.00295040043349291	0.00261787743638345	0.00234116123563998
0.871620180647543	0.629217430103131	0.159835577607493	0.0696148422894214	0.0386646705149823	0.02461642404585	0.017091026094795	0.012594796263291	0.00969284278118565	0.00770923757076757	0.00629194472556849	0.00524298990532576	0.00444408189682635	0.00382098521006215	0.00332518363806106	0.00292387017409242	0.00259420652961412	0.00231989064953275
0.858401406124367	0.631001966786749	0.159436941794066	0.0692713879293738	0.0384246349817795	0.0244451690023896	0.0169638901289829	0.0124969254663295	0.0096151871327829	0.0076460710066148	0.00623949840229434	0.00519869250098433	0.0044061229829148	0.00378805472755574	0.00329631077845693	0.00289832042521214	0.00257141392946813	0.00229941202404637
0.845655757280071	0.632737904340842	0.159044490612961	0.0689365389874439	0.0381915057745094	0.0242792062714635	0.0168408583084052	0.0124023077849991	0.00954016697317916	0.00758508172284886	0.00618888161853645	0.00515595511007715	0.0043695111910959	0.00375630036579774	0.00326847463180465	0.0028736922328994	0.00254944664262071	0.00227967743051503
0.833356445423414	0.634427587823144	0.158658077047922	0.0686099215372192	0.0379649468038725	0.0241182630072666	0.0167217113347763	0.0123107651096696	0.0094676354494682	0.00752614678210762	0.00613999000273445	0.00511468800282924	0.00433416851633725	0.003725653642494	0.00324161455055434	0.0028499314712945	0.00252825602948627	0.00226064288882358
0.82147874446798	0.636073200972	0.158277556468653	0.0682911846112029	0.0377446448154639	0.0239620858427412	0.0166062460552563	0.0122221327241173	0.00939745692334556	0.00746915274587717	0.00609272732197403	0.00507480849806751	0.00430002311821985	0.00369605151460812	0.00321567472456881	0.00282698834740443	0.00250779735633478	0.00224226796016483
0.809999791408152	0.6376767805152	0.157902786956359	0.06797999839295	0.0375303074115768	0.0238104391262863	0.0164942739605924	0.0121362580360177	0.00932950589334756	0.00741399475193653	0.00604700468493993	0.00503624026828178	0.0042670087097941	0.00366743583663869	0.00319060369745964	0.00280481696643657	0.0024880294023291	0.00222451538985408
0.798898409896412	0.63924022893457	0.157533629547058	0.0676760525816307	0.0373216612801539	0.0236631033506398	0.0163856198509975	0.0120529994516503	0.00926366604106195	0.00736057569894693	0.00600273983814487	0.00499891272651578	0.00423506401876639	0.0036397528832852	0.00316635394061988	0.00278337494914555	0.00246891411371199	0.00220735079310178
0.788154953823332	0.64076532588159	0.157169948408043	0.0673790549098453	0.037118450605573	0.0235198737495677	0.0162801206480176	0.0119722253758246	0.0091998293847975	0.00730880552378755	0.00595985654281157	0.00496276048395076	0.00420413231112479	0.00361295292766201	0.00314288147700459	0.00276262309400676	0.00245041629861195	0.00219074237778095
0.777751168271977	0.642253738411143	0.156811610960017	0.0670887297979319	0.0369204356394752	0.0233805590415001	0.0161776243338355	0.011893813320869	0.00913789552668752	0.00725860055942656	0.0059182840217149	0.00492772286875599	0.0041741609688398	0.00358698986759022	0.00312014554794671	0.00274252507815036	0.00243250335695736	0.00217466069915925
0.767670065609403	0.643707030176851	0.156458487955143	0.0668048171300907	0.036727391412818	0.0232449803022008	0.0160779890021316	0.0118176491108857	0.00907777098127395	0.00720988296293452	0.00587795646689337	0.00489374349820069	0.0041451011145415	0.00356182089363131	0.00309810831731794	0.00272304719191631	0.00241514504083217	0.00215907844233798
0.757895814804236	0.645126669711591	0.156110453519426	0.0665270711394424	0.0365391065728529	0.023112969951039	0.015981082006867	0.0117436261694503	0.00901936857534921	0.00716258020476424	0.00583881260047518	0.0048607698972039	0.00411690727712728	0.00353740619347009	0.00307673460819435	0.00270415810266052	0.00239831324130685	0.00214397022877998
0.748413642332627	0.646514037899963	0.155767385166298	0.066255259390686	0.0363553823308741	0.0229843708375267	0.0158867791972462	0.0116716448806004	0.00896260691028564	0.00711662461169227	0.00580079528198112	0.00482875315748752	0.00408953709313422	0.0035137086880415	0.00305599166789512	0.00268582864408374	0.00238198179836206	0.00212931244384257
0.739209743264663	0.647870434735248	0.155429163787079	0.065989161850366	0.0361760315084083	0.0228590354165688	0.0157949642287119	0.0116016120143551	0.00890740987930506	0.00707195295688593	0.00576385115640561	0.00479764763232672	0.00406295103944698	0.00349069379545559	0.00303584895785658	0.00266803162789215	0.00236612633101077	0.00211508308267733
0.730271201317271	0.649197085441286	0.155095673622971	0.0657285700359201	0.0360008776710821	0.0227368250023834	0.015705527941185	0.0115334402091971	0.00885370623317359	0.00702850609146101	0.00572793033816778	0.00476741066259049	0.00403711219353303	0.00346832921932974	0.00301627796530233	0.00265074167504935	0.00235072408513473	0.0021012616122333
0.721585916823744	0.650495146029366	0.154766802222404	0.0654732862356946	0.0358297543407452	0.022617609092345	0.0156183677969126	0.0114670475049542	0.00880142918868295	0.00698622861265888	0.00569298612669361	0.0047380023303549	0.00401198601792029	0.00344658475860493	0.00299725203409108	0.00263393506426012	0.00233575379689657	0.00208782884741539
0.713142541709482	0.651765708351359	0.154442440386911	0.0652231227929973	0.0356625042775801	0.0225012647531101	0.0155333873712741	0.0114023569203763	0.00875051607502353	0.00694506856441949	0.00565897474995727	0.00470938523687151	0.00398754016607646	0.00342543213631944	0.00297874621247972	0.00261758959564742	0.00232119556988096	0.00207476683971663
0.704930420682317	0.653009804702757	0.154122482108111	0.0649779014480278	0.0354989788249295	0.0223876760623322	0.0154504958907379	0.0113392960704349	0.00870090801378977	0.00690497716667908	0.00562585513279306	0.00468152430209903	0.00396374430722577	0.00340484484514936	0.00296073711584124	0.00260168446785752	0.00230703076436603	0.00206205877686859
0.696939537947288	0.654228412022724	0.153806824497944	0.0647374527322037	0.0353390373104283	0.0222767336000963	0.0153696078128853	0.0112777968190035	0.00865254962890149	0.00686590857019303	0.0055935886872013	0.00465438658336862	0.00394056996796067	0.00338479800781227	0.00294320280263427	0.00258620016705988	0.00229324189733691	0.00204968889224682
0.689160468842739	0.655422455732618	0.153495367713917	0.0645016154099915	0.0351825464977821	0.0221683339849043	0.0152906424440402	0.0112177949631114	0.00860538878319095	0.00682781963408845	0.0055621391222242	0.00462794111106355	0.00391799038878036	0.0033652682506751	0.00292612266214107	0.00257111836650695	0.0022798125520333	0.00203764238293193
0.68158433586938	0.656592813249586	0.153188014880802	0.0642702359638733	0.0350293800841769	0.0220623794496574	0.0152135235905826	0.011159229945434	0.00855937633880589	0.00679066972369856	0.00553147227127117	0.0046021587394601	0.00389598039392365	0.00334623358911714	0.00290947731267832	0.00255642183548865	0.00226672729597655	0.00202590533546739
0.674202768648354	0.657740317207559	0.152884672009969	0.0640431681185395	0.0348794182388752	0.0219587774536113	0.0151381792404884	0.0111020445920799	0.00851446593892503	0.00675442052652983	0.00550155593503309	0.00457701201110536	0.00387451627306611	0.00332767332337923	0.00289324850914731	0.00254209435666206	0.00225397160655438	0.00201446465847545
6.95405580403919	0.30227065733016	0.142303657720347	0.0949723862610321	0.0712504220264388	0.0570191998702818	0.0475343433848965	0.040762304808032	0.0356865277095286	0.0317425551025105	0.0285921463730547	0.0260207331998105	0.0238864055962041	0.0220930146071534	0.0205762624089686	0.0192998980668044	0.0182725903064932	0.0177168952282839
4.92650734958394	0.368855450244301	0.157350488093962	0.0978480771975131	0.0691728114783927	0.0525770692603993	0.0418747008534683	0.0344622852105484	0.0290612194798575	0.0249734613523298	0.0217873401357422	0.01924544993878	0.017179496477529	0.0154759446752916	0.0140574768130073	0.0128747198810494	0.0119127692363276	0.011291239671501
4.10296723282637	0.403980609717936	0.162722157734724	0.0973552738464959	0.0667076015824753	0.0493941479388836	0.0384653051078901	0.0310396306872071	0.0257217444099537	0.0217598489316472	0.0187160187027932	0.0163195458241844	0.0143952377272187	0.012825845960627	0.0115316979136174	0.0104608461059159	0.00959214275078647	0.00901234505764445
3.599047878636	0.428664168872121	0.165411894060945	0.0962547600219865	0.064523833266031	0.0469280168779424	0.0359976180440573	0.0286745129977	0.0234950032386919	0.0196789620419613	0.0167764708035265	0.0145119423778739	0.0127084901941235	0.0112485450835767	0.0100525269281024	0.00906819189602655	0.00827188485227022	0.00773317844306394
3.24452909846809	0.447791154459746	0.166872620182307	0.0950035710135754	0.0626154307631442	0.0449246105420684	0.0340751962175955	0.0268862151517738	0.0218503782403719	0.0181716279230943	0.0153946598905555	0.0132426885285908	0.0115392596241712	0.0101677682584128	0.00904959001969229	0.00813297723489844	0.00739318444809082	0.00688906750191223
2.97572517015927	0.463415957487923	0.167658966137694	0.0937387868353462	0.0609355783443756	0.0432451963325306	0.0325110453135767	0.0254625425394678	0.0205634863941088	0.0170089224619685	0.0143417154444545	0.0122857381966588	0.0106659586872445	0.00936727749697134	0.0083123558670083	0.00745025103361234	0.00675578283727382	0.00628043858978469
2.76201445417358	0.476616742325149	0.168036895689383	0.0925092738886811	0.0594422825349694	0.0418052904766484	0.0312003800101752	0.0242896651992362	0.0195175070763852	0.0160743901967549	0.0135034173037386	0.0115301215165554	0.00998137208191508	0.00874379765094693	0.00774145695305741	0.00692432661857999	0.00626712837702626	0.00581595210079731
2.58641290616536	0.488035099474828	0.168151608928036	0.0913326996456189	0.0581023729425996	0.0405494815179186	0.0300782320382566	0.0232992385236156	0.0186438821290644	0.0153009024238054	0.0128149000339545	0.0109136222233202	0.00942606317251567	0.00824065115306759	0.00728285615810343	0.0065036020283683	0.00587769556994912	0.00544709203697852
2.43857181424196	0.498085687269595	0.168089426139007	0.0902141994644644	0.0568901112030204	0.0394394174952341	0.0291014710245974	0.0224470193456829	0.0178990352536079	0.0146464071873451	0.0122360192095127	0.0103981348454489	0.00896396061999699	0.00782372055463364	0.00690426390448834	0.00615744893546631	0.0055582700695152	0.00514540747838354
2.31174764712589	0.507052757678074	0.167904869051689	0.0891535599391039	0.0557854040937026	0.0384474450210437	0.0282399992782798	0.0217027619993362	0.0172536258383441	0.0140829319200799	0.0117403406278586	0.00995878550649932	0.00857169739772977	0.00747105392870257	0.00658503059096479	0.00586638824977452	0.00529036638883223	0.00489298248998533
2.20131824927455	0.515140001767736	0.167633970732297	0.0881482777544394	0.0547723710414447	0.0375529707727054	0.0274719937683738	0.0210449119063521	0.0166870126002385	0.013591000666547	0.0113096181938212	0.00957853228517999	0.00823336763853413	0.00716779440119894	0.00631125260165726	0.00561736552502357	0.00506164882454532	0.0046779095199066
2.10398770611421	0.522498532151312	0.16730139489151	0.0871949476637955	0.0538382903220452	0.0367402524023702	0.0267811418210664	0.0204575942660711	0.0161841623817621	0.0131565560197944	0.010930780857435	0.00924524517338329	0.00793771335635972	0.00690347849442113	0.00607318111960262	0.00540126388297632	0.00486353385476412	0.00449193134133093
2.01732979034797	0.529243628669466	0.166924498878877	0.0862899141567143	0.0529728368165708	0.0359969920370912	0.0261549425550492	0.019928800148595	0.0157338140233967	0.0127691507408605	0.0105941784331839	0.008950019238298	0.00767651033611555	0.00667049544899782	0.00586375251702172	0.00521150047278768	0.00468984330894335	0.00432912221803151
1.93951105930704	0.535465280280862	0.166515774678055	0.0854295787384545	0.0521675285655391	0.0353134053106825	0.0255836153079022	0.0194492406384372	0.0153273326249141	0.0124208301944509	0.0102925061970798	0.00868614759051118	0.00744359127652424	0.00646315977703257	0.00567770792902811	0.00504318928782692	0.00453600423079316	0.00418510737190652
1.86911525277027	0.541235100783186	0.166084378028472	0.0846105394465663	0.0514153205231106	0.0346815848632117	0.0250593718357055	0.0190115942534459	0.0149579651960476	0.0121054125367804	0.0100201171748303	0.00844846862095899	0.00723422823441146	0.00627712772009958	0.00551104164990107	0.00489261867411821	0.00439855127174724	0.00405657918740713
1.80502772615571	0.546611023791721	0.165637120149654	0.0838296466724905	0.050710302399936	0.0340950530500636	0.0245759158598079	0.0186099963186642	0.0146203405242033	0.0118180088070449	0.00977256658267815	0.0082329359717178	0.00704472774187809	0.00610901629077591	0.00536064239305987	0.0047569126906414	0.00427480519358043	0.00394098556208391
1.74635697281579	0.551640583707983	0.165179130050181	0.0830840169809196	0.0500474708528413	0.0335484401078393	0.0241280897904644	0.0182396828007099	0.014310123394735	0.0115546934548641	0.00954630089521995	0.00803632649190981	0.00687215703343156	0.00595614666415747	0.00522405247542327	0.00463380448824643	0.00416265832541876	0.00383632248565575
1.69237988157593	0.556363266131527	0.164714308060389	0.0823710262255198	0.049422555451781	0.0330372477880869	0.0237116196330577	0.0178967358986778	0.0140237695778546	0.011312272375167	0.0093384400986688	0.00785603664781509	0.00671415394739545	0.00581636661794333	0.00509930170214494	0.00452148042221123	0.00406042735987912	0.00374099206188179
1.64250265109848	0.560812228248581	0.164245643199665	0.0816882930470583	0.0488318840655937	0.032557672605895	0.0233229271151688	0.0175778985153414	0.0137583484626646	0.0110881159732917	0.00914662175347529	0.00768993733106058	0.00656879184563106	0.00568792476304671	0.00498479003634213	0.00441847022566356	0.0039667498837348	0.0036537029277863
1.59623230800684	0.565015582016908	0.163775439496654	0.0810336585645779	0.0482722775230332	0.0321064715423177	0.0229589888924854	0.0172804364717422	0.0135114122241036	0.0108800366928989	0.00896888710558989	0.00753626822457543	0.00643448166273524	0.00556937961049303	0.00487920298726222	0.00432356799284413	0.00388051009184946	0.00357339889992994
1.55315557465036	0.568997367311431	0.163305480086983	0.0804051652809164	0.0477409662905084	0.0316808585411501	0.0226172293932819	0.017002034512052	0.0132808976927072	0.0106861976173482	0.00880359644761722	0.00739355957676667	0.00630989959247833	0.00545953261928869	0.00478144946077224	0.00423577426307039	0.00380078444368658	0.00349920686994091
1.51292293647635	0.572778300952325	0.162837147958949	0.0798010367256253	0.0472355239051249	0.0312784237129888	0.0222954381296821	0.0167407166706701	0.0130650516493192	0.0105050432134496	0.00864936523304333	0.00726057335062729	0.00619393283949477	0.00535737809510132	0.00469061535423596	0.00415425286162305	0.0037268012384566	0.00343039810928381
1.47523645577682	0.576376360931781	0.162371515971378	0.0792196585475163	0.0467538133013762	0.0308970695326605	0.0219917050904963	0.0164947844976663	0.0128623731871518	0.0103352461300437	0.00850501517748288	0.00713625831675524	0.00608563833378797	0.00526206514887019	0.00460592839345681	0.00407829825581171	0.00365791008949821	0.00336635909426677
1.43984032938409	0.579807247582443	0.161909414754125	0.0786595613313818	0.0462939431632611	0.0305349599250579	0.0217043696900641	0.0162627685717987	0.0126715687010484	0.0101756658209335	0.00836953635636696	0.00701971534475653	0.00598421089984813	0.00517286843018659	0.00452673113175823	0.00400731053076753	0.00359355855956573	0.00330656920663681
1.40651348609744	0.583084751575175	0.161451484466876	0.0781194051811047	0.0458542321473631	0.030190479245533	0.02143198001332	0.0160433900346815	0.0124915163493588	0.0100253160004994	0.00824205748793543	0.00691017026318905	0.0058889584241899	0.00508916534116678	0.00445245996503732	0.00394077597137488	0.0035332740561575	0.00325058347703689
1.37506372087312	0.586221050482243	0.160998214629004	0.0775979659929284	0.0454331793413498	0.0298621989411872	0.0211732599743844	0.015835529776119	0.012321237712119	0.00988333878267814	0.00812182238923421	0.00680695241133038	0.00579928227319695	0.00501041810177163	0.00438262864208389	0.00387825182623284	0.00347664964477345	0.00319801907936367
1.34532300111012	0.589226949939523	0.160549975032911	0.0770941232874284	0.0450294397038915	0.0295488502356248	0.0209270826236572	0.0156382035271304	0.0121598749795984	0.00974898393677954	0.00800817114346628	0.00670947752355864	0.00571466169838465	0.00493615949229284	0.00431681517611676	0.00381935423088402	0.0034233328177519	0.00314854465100032
1.31714367698533	0.592112081389169	0.160107039923155	0.0766068494482529	0.0446418035155335	0.0292493015818337	0.0206924482798519	0.0154505415617567	0.012006672436114	0.00962159210325778	0.00790052490274587	0.00661723394854542	0.00563464130418495	0.00486598141478548	0.00425465135942052	0.00376374854541899	0.00337301651883211	0.00310187176714196
1.29039539631932	0.594885065463003	0.159669607041101	0.0761352002139178	0.0442691790828954	0.0289625399222681	0.0204684664832334	0.0152717720286529	0.0118609613124915	0.00950058110469237	0.00779837352445933	0.00652977146162747	0.00555882089234434	0.00479952563822874	0.0041958142913705	0.00371114155691989	0.00332543190785144	0.00305774807494282
1.26496257373429	0.597553647933231	0.159237812720697	0.0756783062767242	0.0439105780998614	0.0286876550133292	0.0202543410009284	0.0151012071666409	0.0117221473043321	0.00938543469836181	0.00770126543694907	0.00644669211278698	0.0054868471683504	0.00473647625173976	0.00414001947896667	0.00366127513649658	0.00328034248117653	0.00301595171942794
1.24074229975866	0.600124813579586	0.158811743922851	0.0752353658550679	0.0435651031927559	0.0284238262348062	0.0200493572892628	0.0149382318303842	0.0115897002175596	0.0092756932712603	0.00760879927431375	0.00636764268659849	0.00541840691968827	0.00467655346577658	0.00408701517666603	0.00361392104128176	0.00323753925810088	0.00297628678404001
1.21764260198573	0.602604882142536	0.15839144787895	0.0748056381191699	0.0432319372715934	0.0281703114284416	0.0198528719486423	0.0147822938805948	0.0114631453247287	0.00917094609271273	0.00752061692643164	0.00629230844908762	0.00535322136710345	0.00461950848604152	0.00403657771112708	0.00356887662530572	0.00319683681253435	0.00293857953499935
1.19558099010274	0.604999589641166	0.157976939854485	0.0743884373640182	0.0429103343834115	0.0279264374041808	0.0196643038053874	0.0146328960897924	0.011342056107111	0.00907082482522317	0.00743639772960581	0.0062204079298084	0.00529104145790666	0.0045651192476463	0.00398850759482997	0.00352596127754522	0.00315806998032407	0.00290267530755784
1.17448323144161	0.607314157654628	0.1575682094253	0.0739831278362781	0.0425996118215737	0.0276915918253986	0.0194831263305304	0.0144895892881192	0.0112260481269244	0.00897499805874854	0.00735585358295683	0.00615168854258593	0.00523164392126694	0.00451318684417482	0.00394262627617661	0.00348501344605703	0.00312109111060795	0.00286843590867368
1.1542823149747	0.609553352642897	0.157165225570161	0.0735891191337474	0.0422991432905856	0.0274652162408912	0.0193088611638789	0.0143519665300832	0.0111147738270768	0.00888316668279102	0.00727872482110017	0.00608592289020753	0.0051748279439956	0.00446353252187624	0.0038987734066298	0.00344588813773868	0.00308576775827614	0.0028357374380641
1.13491757031999	0.611721536976459	0.156767940816346	0.0732058621064761	0.0420083529622086	0.0272468000756519	0.0191410725569618	0.0142196581067247	0.0110079180966658	0.00879505994852615	0.00720477670847137	0.0060229056303662	0.00512041235478525	0.00441599513637945	0.00385680453056063	0.00340845480657327	0.00305198073641715	0.00280446845042756
1.11633391499952	0.613822713026864	0.156376294623803	0.0728328451979555	0.0417267102876219	0.0270358754273195	0.0189793625839623	0.0140923272617054	0.0109051944722263	0.00871043210249345	0.00713379644758962	0.00596245080487172	0.00506823322756618	0.00437042899021519	0.00381658912276792	0.00337259556110901	0.0030196224643413	0.00277452839758741
1.09848120839818	0.615860561419652	0.155990216154338	0.0724695911728889	0.0414537254536591	0.0268320125428752	0.0188233669977398	0.0139696664965302	0.010806341869582	0.00862905949626249	0.00706559061453026	0.00590438955336268	0.00501814183226783	0.00432670198563444	0.00377800891357759	0.00333820363576928	0.00298859555969546	0.00274582630163525
1.08131369495333	0.617838474352414	0.155609626541961	0.0721156541850963	0.0411889453899697	0.0266348158722822	0.0186727516302716	0.0138513943712348	0.0107111217607491	0.0085507380944838	0.00699998295134038	0.00584856814780777	0.00497000287505941	0.00428469403986905	0.00374095645309047	0.00330518208138088	0.00295881163324582	0.00271827961974355
1.06478952233175	0.619759584721997	0.155234440757062	0.0717706171451961	0.0409319502492543	0.0264439206135449	0.018527209254615	0.0137372527236876	0.0106193157258983	0.00847528131798167	0.00693681245813991	0.00579484629595971	0.00492369298100258	0.0042442957199377	0.00370533387531	0.00327344263878038	0.00293019025279846	0.00269181326883426
1.04887032291703	0.621626791677184	0.154864569138663	0.0714340893529635	0.0406823502952164	0.0262589896780382	0.0183864568397703	0.0136270042441161	0.010530723322797	0.00840251816989712	0.00687593173799433	0.00574309567135268	0.00487909938065793	0.00420540706198455	0.00367105183012944	0.00324290476605397	0.00290265804896001	0.00266635878422153
1.03352084898325	0.623442783110024	0.154499918654538	0.0711057043638079	0.0404397831431431	0.0260797110166433	0.0182502331413753	0.0135204303523201	0.0104451602261331	0.00833229160198723	0.00681720555592038	0.00569319863496465	0.00483611876905455	0.00416793654642037	0.00363802855692775	0.00321349479529115	0.00287614794039332	0.0026418535910562
1.01870865358424	0.625210055515042	0.154140393937553	0.0707851180627188	0.040203911306485	0.025905795256776	0.018118296580552	0.0134173293338172	0.010362456597178	0.00826445708552039	0.00676050958004484	0.00564504711971654	0.00479465631094252	0.00413180020517164	0.0036061890781434	0.00318514519899292	0.00285059846018282	0.00261824037116306
1.00440381052502	0.626930931576993	0.153785898137491	0.0704720069224103	0.0399744200098233	0.0257369736082291	0.0179904233708898	0.013317514698321	0.0102824556507945	0.00819888135715062	0.00670572927832328	0.00559854165386773	0.00475462477069459	0.00409692084140161	0.00357546449491552	0.00315779394970294	0.00282595316810778	0.00259546651088451
0.990578667870613	0.628607575791468	0.153436333620352	0.0701660664253055	0.0397510152344471	0.0255729960022233	0.0178664058598542	0.0132208137298067	0.0102050123921359	0.00813544131499548	0.00665275894860718	0.00555359050333736	0.00471594374882998	0.0040632273453565	0.00354579136989424	0.00313138395920361	0.00280216013619516	0.0025734836179874
0.977207630337416	0.630242008376178	0.153091602541321	0.0698670096315225	0.0395334219676393	0.0254136294334143	0.0177460510560973	0.013127066202232	0.0101299924997645	0.00807402304410509	0.00660150086342795	0.00551010891622072	0.00467853901007372	0.00403065409266855	0.0035171111847727	0.00310586258587336	0.00277917149701533	0.00255224709767285
0.96426696664356	0.631836117692168	0.152751607312867	0.0695745658772031	0.0393213826308603	0.0252586564790678	0.0176291793184529	0.0130361232389555	0.0100572713355271	0.00801452095376924	0.00655186451380665	0.00546801845542678	0.00464234189027369	0.00399914041363992	0.00348936986209801	0.00308118120064454	0.00275694304589145	0.0025317157793478
0.951734638498083	0.633391671362118	0.152416250985678	0.0692884795894126	0.03911465566546	0.0251078739733357	0.0175156231859783	0.0129478462971935	0.00998673306451601	0.00795683701180195	0.0065037659388236	0.00542724640755217	0.00460728877147963	0.00396863012383383	0.00346251734256433	0.00305729480351349	0.00273543388959429	0.00251185158714424
0.939590148409123	0.634910326246064	0.15208543755702	0.0690085092054797	0.0389130142574587	0.0249610918176961	0.0174052263313927	0.0128621062616013	0.009918269870922	0.00790088006317622	0.00645712712969035	0.0053877252579174	0.00457332061612655	0.0039390711077876	0.00343650721035057	0.00303416168380181	0.0027146061352492	0.00249261924826534
0.927814403907599	0.636393637412291	0.15175907221863	0.0687344261860682	0.038716245185403	0.0248181319112455	0.0172978426227726	0.0127787826333599	0.00985178125766243	0.00784656522224218	0.00641187549873799	0.00534939222319604	0.00454038255262512	0.00391041494889669	0.00341129636019047	0.00301174311840063	0.00269442461413691	0.00247398603414183
0.916389596130861	0.637843066222226	0.151437061554153	0.0684660141125134	0.0385241477774004	0.0246788271867604	0.0171933352804715	0.0126977628030798	0.00978717341939859	0.00779381332931761	0.0063679434051308	0.00531218883432227	0.00450842350579419	0.00388261659954614	0.00338684470079977	0.00299000310308857	0.0026748566358647	0.00245592153013304
0.905299091002571	0.639259987632057	0.151119313694505	0.0682030678600384	0.0383365329652262	0.0245430207403226	0.0170915761180159	0.0126189413974525	0.00972435868001785	0.00774255046374495	0.00632526773028375	0.00527606056341305	0.00447739586651881	0.00385563408642527	0.00336311489006759	0.00296890811273095	0.0026558717690461	0.00243839743013351
0.894527331490815	0.640645696800211	0.150805738438093	0.0679453928394097	0.0381532224249264	0.0244105650439121	0.0169924448572365	0.0125422196909563	0.00966325498688519	0.00769270750660938	0.00628378949694638	0.00524095648932411	0.00444725519581254	0.00382942824668141	0.00334007209807491	0.00294842688676822	0.00263744164518283	0.00242138735296997
0.88405974963398	0.642001415078197	0.150496247341731	0.0676928043004181	0.0379740477946591	0.0242813212317345	0.016895828509181	0.0124675050750841	0.00960378545521069	0.00764421974724104	0.00624345352674583	0.00520682899720344	0.00441795995913346	0.00380396249117567	0.00331768379455487	0.00292853023690701	0.00261953978290841	0.00240486667791412
0.873882687199852	0.643328295452465	0.150190753787109	0.0674451266912985	0.0377988499616427	0.0241551584522196	0.0168016208134477	0.0123947105785518	0.00954587795676406	0.0075970265284135	0.00620420813168532	0.0051736335080358	0.00438947128737006	0.00377920259161572	0.0032959195578755	0.00290919087435291	0.00260214143014617	0.00238881239700752
