8.05449039087304	0.248308695267214	0.124154347633607	0.0827695650890714	0.0620771738168036	0.0496617390534429	0.0413847825445357	0.0354726707524592	0.0310385869084018	0.0275898550296905	0.0248308695267214	0.0225735177515649	0.0206923912722679	0.0191006688667088	0.0177363353762296	0.0165539130178143	0.0155192934542009	0.0146063938392479	0.0137949275148452	0.0130688786982744	0.0124154347633607	0.0118242235841531	0.0112867588757825	0.0107960302290093	0.0103461956361339	0.00993234781068857	0.0095503344333544	0.00919661834323016	0.0088681676881148	0.00856236880231774	0.00827695650890715	0.00800995791184562
5.53243963161811	0.319223261718683	0.146727869178305	0.0915036794574662	0.0648689775765964	0.0494040566701461	0.0394014880433354	0.0324553094999411	0.0273815088432976	0.0235323065845903	0.0205247490187558	0.0181186072544795	0.0161559393705111	0.0145288665966699	0.0131613368381633	0.0119982859498225	0.0109989261627383	0.0101324426964102	0.00937515038165596	0.00870856520738883	0.00811806600429623	0.00759194658011354	0.00712073209020641	0.00669667787573296	0.00631339661523835	0.00596557720338392	0.00564877018983029	0.00535922218004111	0.00509374670627158	0.0048496225787667	0.00462451316468239	0.00441640176247971
4.60132283687603	0.354929285996616	0.155382323753798	0.0934312792514225	0.0643151074036808	0.0477847571160686	0.0373036975108085	0.0301542614024353	0.0250161984475868	0.0211758988524294	0.0182162883790451	0.0158785502383737	0.0139942605312179	0.0124495000173752	0.0111647035353274	0.0100827744934484	0.00916177903603394	0.00837029481727638	0.00768435887956688	0.00708541138485591	0.00655887779708439	0.00609317099532687	0.00567897594278897	0.00530872838465087	0.0049762292462301	0.00467635552350111	0.00440484082845194	0.00415810691332929	0.00393313297955228	0.00372735331959423	0.00353857643395599	0.00336492058816764
4.04278213767726	0.379871430335673	0.160300939312178	0.0938569081946725	0.0632712376651705	0.0462080930578748	0.0355517444205412	0.02837887840511	0.0232847923091765	0.0195178422555129	0.0166428077159141	0.0143919489873506	0.0125924460262426	0.011128294195906	0.00991905135890655	0.00890738142901632	0.00805144380747779	0.0073200761230894	0.00668965063895196	0.00614196759123313	0.00566281002529375	0.00524093164482071	0.00486733467763086	0.00453474600758983	0.00423723137383008	0.00396990733673064	0.00372872353416712	0.00351029618070944	0.00331177940328377	0.00313076484430421	0.00296520261373735	0.00281333852790387
3.65283704591993	0.399195125627733	0.163460712044067	0.0936931242563135	0.0621360650800816	0.0447837748877649	0.0340789206289199	0.0269494304551815	0.0219330922435258	0.0182542093449942	0.0154671596068029	0.0132997827389458	0.0115775767512305	0.0101841329450966	0.00903919445716113	0.00808586563118096	0.00728283715166208	0.00659948858273151	0.00601270711400702	0.00550476497469601	0.00506186940723891	0.00467315114597081	0.00432994547269138	0.00402527255811434	0.00375345609396731	0.00350983951976796	0.00329057218841711	0.00309244635911537	0.00291277160672944	0.00274927710352638	0.00260003489230869	0.00246339913005589
3.35813182132731	0.415006286843649	0.165618013831797	0.0932537380927753	0.0610177601848508	0.0435096782902546	0.0328194533237391	0.0257620289505463	0.020834119210085	0.0172442231286928	0.01454072122341	0.0124494905681815	0.0107957619097733	0.0094635527995036	0.00837328322412141	0.00746878791788294	0.00670945640632253	0.00606530240974856	0.00551377354484326	0.00503763054044938	0.0046235034911158	0.00426088804540612	0.00394143418149602	0.00365843366474172	0.00340644497316699	0.00318101496540189	0.00297846969089145	0.00279575531946024	0.0026303158752164	0.00247999832194624	0.00234297820074408	0.00221770086978601
3.12411360723108	0.428395186090882	0.167140989844125	0.0926760734385033	0.059950294297913	0.042366801390869	0.0317254166872092	0.0247526107585459	0.0199149530994219	0.0164104445828319	0.0137841978802552	0.0117615863102535	0.0101683705052962	0.00888943236248761	0.00784610601400689	0.00698307920736861	0.00626049665772009	0.00564902420706074	0.00512666586677407	0.00467665459238122	0.0042860206724635	0.00394459914442748	0.0036443283881147	0.00337874592663439	0.00314262033522705	0.00293167870871905	0.00274240227097698	0.00257187127224465	0.00241764600574088	0.00227767461377088	0.00215022098583751	0.00203380788193778
2.93185633754348	0.440005579738884	0.168234765286657	0.0920286408709228	0.0589431654081857	0.0413357071925963	0.0307624425064927	0.0238791090100728	0.0191298122782307	0.0157056621407387	0.0131502884832043	0.011189470921253	0.00964996756512017	0.00841776012666162	0.007415207598203	0.00658789361171929	0.00589672414310173	0.00531300371473979	0.00481526953102396	0.00438719933697903	0.00401619505260281	0.00369240312863573	0.00340802385610848	0.00315681593318204	0.00293373550511356	0.00273466942298257	0.00255623555927174	0.00239563153738906	0.00225051887799304	0.00211893337004749	0.00199921507900693	0.00188995321288092
2.76992242859351	0.45025157510484	0.169024197646141	0.0913485030895287	0.0579968127920685	0.0403996494082034	0.0299054260185952	0.0231124895942479	0.018448092626668	0.0150990016979639	0.01260857411867	0.0107035806204405	0.0092120549283532	0.00802120159374377	0.00705444786390019	0.00625827592192239	0.00559433547669431	0.00503454299603382	0.00455793882593956	0.00414861524888528	0.00379431694909185	0.00348547504585936	0.00321452738907219	0.00297543190916766	0.00276331267429712	0.00257419876455841	0.00240482909497551	0.00225250477689927	0.00211497620340167	0.00199035580962727	0.00187705003243257	0.0017737057777775
2.63090076625076	0.459416238244865	0.169590217544523	0.0906567781833243	0.0571082387117191	0.0395448009642987	0.0291355970164074	0.0224319087854166	0.0178483540827989	0.0145692067015691	0.012138392254761	0.0102840541502932	0.00883566523936196	0.00768171054530387	0.00674669176198979	0.00597797158910696	0.00533791504423058	0.00479901877762805	0.00434079470600908	0.00394771994956023	0.003607854829751	0.00331189077085172	0.00305248151294876	0.00282376505415399	0.00262101648536555	0.00244039223075383	0.00227873913906079	0.00213345025717521	0.00200235465765932	0.00188363241452567	0.00177574836226281	0.00167740003232467
2.50973178760272	0.467702072226882	0.169987818191166	0.0899658873475476	0.056273262001915	0.0387598497692311	0.0284386070303061	0.0218219211165946	0.0173150178304081	0.0141010505004417	0.0117251068659638	0.00991695248154107	0.0085075909302418	0.00738680615663673	0.00648015959438957	0.00573586593075332	0.00511697254522518	0.00459652340647009	0.00415447125803291	0.00377565022897444	0.00344841153959674	0.003163685149366	0.00291432163582068	0.00269462243369341	0.00249999915135636	0.00232672290133656	0.0021717374116151	0.00203251799293121	0.00190696391874821	0.0017933154530026	0.00169008926830174	0.00159602773151088
2.40281791427645	0.475259176720107	0.170255769620475	0.0892832472355092	0.0554874654820205	0.0380355214527902	0.0278032683056985	0.0212707798636174	0.0168364267562519	0.0136832757698663	0.0113580001092281	0.00959214854172848	0.0082183007200456	0.00712753409741553	0.00624644347801083	0.00552406207027171	0.00492408543827296	0.00442007278281181	0.00399238874815359	0.00362619894591751	0.00331012322697169	0.00303531077583392	0.0027947923074975	0.0025830182600115	0.00239552427686824	0.00222868534784562	0.00207953269765928	0.0019456157390364	0.00182489682812828	0.00171567019415651	0.0016164988897398	0.00152616531805944
2.30751624335319	0.482202021305439	0.170422224567716	0.088613277123081	0.0547465946824522	0.0373641638531567	0.0272207043724974	0.0207693552342624	0.0164036449156272	0.013307341910948	0.011029007652758	0.00930207468264977	0.00796071378349734	0.00689727593198006	0.00603935667391272	0.00533677243348226	0.00475383326144613	0.00426458314835121	0.00384977188290326	0.00349487337663071	0.00318875616953273	0.0029227715722075	0.00269011578614382	0.00248537568945329	0.00230420016903361	0.00214305880034307	0.0019990622833138	0.0018698271874496	0.0017533729201024	0.00164804242175247	0.00155244053423838	0.00146538567363834
2.22183248899146	0.488619967943582	0.170508128100772	0.0879585465695416	0.0540467140772771	0.0367394136974024	0.0266837642034568	0.0203104195435004	0.0160096820647691	0.0129666281240611	0.0107319231646818	0.00904094195112213	0.00772944146158418	0.0066910174274595	0.00585423047745872	0.00516964484935836	0.00460215272967092	0.00412625445122149	0.00372306040874884	0.00337833184866077	0.003081168163824	0.00282310763374539	0.00259749905651668	0.00239905476800272	0.00222352751737795	0.00206747342838037	0.00192807576774079	0.00180301230380711	0.00169035433947706	0.00158848904999862	0.00149605916668326	0.00141191571011636
2.14422770379393	0.494584155817452	0.170529381990353	0.0873204585515016	0.0533842534460236	0.0361559362665867	0.0261866089076935	0.0198881597336313	0.0156489747569908	0.0126559070276121	0.0104618780309258	0.00880423353261361	0.00752029854833793	0.00650487969415733	0.00568746594684062	0.00501933482973198	0.00446593006891858	0.00400218197338451	0.00360953912989753	0.003274031182545	0.00298497240945205	0.00273407458971903	0.00251482773490569	0.00232205999220937	0.00215161977182502	0.00200014274850863	0.00186487876381699	0.00174356163473474	0.00163431011661653	0.00153555177244942	0.00144596388022547	0.00136442715033988
2.07349150565648	0.500152166105326	0.170498268234388	0.0866996694821869	0.0527560047023337	0.0356092234230613	0.0257244140020627	0.0194978358355212	0.0153170286247551	0.0123709858696899	0.0102149897969691	0.00858836488000949	0.00732997733831538	0.00633580807668456	0.00553623779295243	0.00488322416412633	0.00434273376833311	0.00389010255813773	0.00350709686866123	0.00317999762704857	0.00289831967301231	0.0026539362776064	0.00244046857171987	0.00225285199908164	0.00208702342097556	0.00193969193379563	0.00180816872205819	0.00169023916760423	0.00158406562034159	0.00148811269875662	0.00140108933851011	0.00132190342597439
2.00865622348701	0.505371277031805	0.17042441379736	0.086096354326097	0.0521590975349528	0.0350954366360255	0.0252931508472777	0.0191355360256279	0.0150101654151344	0.0121084553305094	0.00998811793372517	0.00839044908928778	0.00715582381040603	0.00618135951382016	0.00539829280884449	0.00475923004747798	0.00423063389499023	0.00378822353577073	0.00341406440587885	0.00309467322477525	0.00281975251108659	0.00258132628565523	0.00237313780963855	0.0021902222708834	0.00202859860922764	0.00188504394221225	0.00175692620061121	0.00164207840175511	0.00153870311710361	0.00144529911345528	0.00136060446859985	0.00128355206000525
1.9489371409691	0.510280793191679	0.170315461415742	0.0855103775256629	0.051590967377352	0.0346112842929622	0.024889423439462	0.0187979973393435	0.0147253401105731	0.0118655095346546	0.0097786900556807	0.00820813090727408	0.00699568004592519	0.00603955344942422	0.00527180905907375	0.00464567217638618	0.00412807665005551	0.00369510426504107	0.00332910253327026	0.00301680991678484	0.00274810499270204	0.00251515288689774	0.00231181095231573	0.00213320739079543	0.00197543755961426	0.00183534181316039	0.00171034076640719	0.00159831160769753	0.00149749416225335	0.00140641879210034	0.00132385051187569	0.00124874527783389
1.89368990761568	0.514913749194624	0.170177546507262	0.0849414050800052	0.0510493221114332	0.034153925104002	0.0245103446479644	0.0184824720620288	0.0144600061380161	0.0116398144543662	0.00958457566252282	0.00803946675811431	0.00684777083414313	0.00590876495679457	0.00515529527499055	0.00454117807462445	0.00403379524531046	0.00360957217393591	0.00325112288135155	0.00294539479946992	0.00268243205027523	0.00245453217415493	0.00225565939827837	0.00208102891441896	0.00192680744405808	0.00178989431839992	0.00166775922774057	0.00155832045969881	0.00145985246676876	0.00137091495056034	0.00129029791724744	0.00121697871743861
1.84237954937335	0.519298179706616	0.170015642888484	0.0843889789995292	0.0505321104240211	0.0337208914406763	0.0241534410514968	0.0181866265586671	0.0142120143114456	0.0114294099650674	0.00940399270862188	0.00788283638480511	0.00671062049522171	0.00578764661606156	0.00504751754046306	0.00444461428728615	0.00394674528860078	0.00353066202227635	0.00317923075876376	0.00287959625916301	0.00262195864914389	0.00239874002552958	0.00220400498410444	0.0020330502918236	0.00188210950347195	0.00174813711584948	0.00162864867237409	0.00152160082232234	0.00142530030855553	0.00133833416839131	0.00125951567379559	0.00118784207737117
1.79455750328263	0.523458082328908	0.169833817729072	0.0838525672308302	0.0500374930081398	0.0333100280000509	0.0238165788360333	0.0179084635656717	0.0139795359056752	0.0112326357850895	0.00923543732920546	0.00773687668040972	0.00658299082232972	0.0056750704140843	0.00494744492089203	0.00435503548038437	0.00386605709049836	0.00345757116015681	0.00311268312206889	0.00281872443061133	0.00256604253055422	0.00234717694586099	0.0021562867554251	0.00198874541502533	0.00184084923311617	0.00170960444733823	0.00159256956401599	0.00148773714257446	0.0013934441267246	0.00130830310023213	0.00123114906191033	0.00116099783711089
1.74984431949007	0.527414158618178	0.169635422463576	0.0833315973220783	0.049563816950919	0.0329194423384779	0.0234979054276629	0.0176462617328229	0.013761003296318	0.0110480746769537	0.00907763020828608	0.00760043139260057	0.00646383407244837	0.00557008386360356	0.0048542085053986	0.00427164618560468	0.00379099989304623	0.00338962603267345	0.0030508571630188	0.00276220168932212	0.00251414644759969	0.00229934190001904	0.00211203626549026	0.00194767526266778	0.00180261426592936	0.00167390816362316	0.001559155821461	0.00145638350400236	0.00136395647897152	0.00128051127147289	0.00120490322822055	0.00113616555755287
1.70791644096426	0.531184392064605	0.16942323771457	0.0828254791597493	0.0491095932436968	0.0325474646708652	0.0231958030355482	0.0173985280367754	0.0135550635887306	0.0108745083281691	0.00892947510739929	0.00747251237801242	0.00635225686743449	0.00547187639917958	0.00476707011672387	0.00419377163713319	0.00372095465210337	0.0033262567376388	0.00299322648507403	0.0027095403044207	0.00246581716563053	0.00225481254486721	0.0020708589343958	0.00190947029280595	0.00176705771464761	0.0016407219400876	0.00152809983964524	0.00142724939157753	0.00133656249470862	0.00125469816934234	0.00118053086904496	0.00111311011541811
1.66849596633105	0.53478450437784	0.169199584667259	0.0823336202747441	0.0486734771699964	0.0321926149600994	0.0229088513185155	0.0171639599283533	0.0133605419881596	0.0107108826831733	0.00879002641521463	0.00735226939026099	0.00624749212914363	0.00537975331877101	0.00468539810152761	0.00412083525231142	0.00365539305745858	0.00326697744534524	0.00293934279532776	0.00266032528754684	0.00242066936458991	0.00221323009223498	0.00203241978959715	0.00187381698656127	0.001733885451942	0.00160976923356834	0.00149914106944972	0.0014000888461422	0.00131102956058292	0.00123064342014358	0.00115782286373261	0.00109163276040775
1.63134262803917	0.538228319663262	0.16896641162028	0.0818554360493688	0.0482542512620489	0.0318535757871153	0.022635797118045	0.0169414149309678	0.0131764125697403	0.0105562804141515	0.0086584634804772	0.00723896626120111	0.00614887701463724	0.00529311534538132	0.00460864838173807	0.0040523410385877	0.0035938611694827	0.00321137114947792	0.00288882166523689	0.00261420106962464	0.00237837314796161	0.00217428757519377	0.0019964324227402	0.00184044743591278	0.00170284627592585	0.00158081397793893	0.00147205720066021	0.00137469209640169	0.00128715936699869	0.00120815921919779	0.00113660105991971	0.00107156423032389
1.59624743820596	0.541528057988795	0.168725361930122	0.081390356400452	0.0478508105085169	0.0315291698392248	0.0223755297200523	0.0167298860066702	0.0130017747359192	0.010409898849766	0.00853407010930471	0.0071319619327082	0.00605583539027351	0.00521144242934863	0.00453634946684446	0.00398785970210239	0.00353596651858367	0.00315907766164555	0.00284133133415813	0.00257086103654707	0.00233864424218738	0.00213772065037863	0.00196265034080187	0.00180913119552533	0.00167372421977865	0.00155365331323976	0.00144665727635526	0.00135087902787281	0.00126478170405162	0.0011870844289402	0.0011167126513903	0.00105275938844347
1.5630276055302	0.544694574194108	0.168477827844607	0.0809378300156555	0.0474621495147894	0.0312183411147247	0.0221270604831191	0.0165284814325825	0.0128358340922589	0.0102710321230571	0.00841621803904667	0.00703069521124141	0.00596786377980326	0.00513428078865493	0.00446809048434619	0.00392701757165185	0.00348136783406761	0.00310978406525125	0.00279658381688968	0.00253003922700104	0.00230123622858163	0.00210330031420469	0.00193086012247302	0.00177966884012662	0.00164633247529025	0.00152811184436469	0.00142277625903758	0.00132849403167641	0.00124374957075505	0.00116727992859825	0.00109802575020235	0.00103509300183276
1.53152243202968	0.547737553783365	0.168224993519115	0.0804973268869625	0.0470873513469413	0.0309201391385825	0.0218895059452314	0.0163364082378857	0.0126778867897412	0.0101390566142352	0.00830435350610923	0.00693467241006736	0.00588452000017382	0.00506123244876668	0.00440351153545657	0.00386948768793138	0.00342976679213179	0.00306321705528662	0.00275432777580977	0.00249150368435667	0.00226593432852026	0.00207082708033052	0.00190087595162954	0.00175188682187469	0.00162050854563771	0.00150403706391868	0.0014002707009996	0.00130740190224482	0.00122393528202907	0.00114862491424883	0.0010804258652216	0.00101845638519542
1.50158997300228	0.550665674853317	0.16796786965818	0.080068339659746	0.0467255778231384	0.0306337056338004	0.0216620737240588	0.0161529584761374	0.0125273066116053	0.0100134189907894	0.00819798624422077	0.00684345725332578	0.00580541389741034	0.00499194673139923	0.00434229586050068	0.0038149825752222	0.00338090133046707	0.00301913673947568	0.00271434275874545	0.00245505108737306	0.00223255038835339	0.00204012628475983	0.00187253521262649	0.00172563332934491	0.0015961103446022	0.00148129567084101	0.00137901526382451	0.00128748454117203	0.00120522734211713	0.00113101392854603	0.00106381307624532	0.00100275470865505
1.47310429722708	0.553486742899265	0.167707321614278	0.0796503841612603	0.0463760610479862	0.0303582632079563	0.0214440506775774	0.0159774977737047	0.0123835342514909	0.00989362631284716	0.00809668040890492	0.00675666256779867	0.00573019973851081	0.00492611327704005	0.00428416342602141	0.0037632483327859	0.00333454019002529	0.00297733158272644	0.00267643450415641	0.0024205023792927	0.00220091880010098	0.00201104426976276	0.00184569491248273	0.00170077492597072	0.0015730130318171	0.00145977058522752	0.00135889989747194	0.00126863828692326	0.00118752791273582	0.00111435445639898	0.00104809974740935	0.000987904820070013
1.44595322343709	0.556207803782536	0.167444092331762	0.0792429993653833	0.0460380960142991	0.030093105703182	0.0212347929064509	0.0158094557191626	0.0122460683549117	0.00977923779397682	0.00800004704113856	0.00667394339950325	0.00565856992031811	0.00486345628492185	0.00422886563853339	0.0037140597705547	0.00329047842659671	0.00293761425407395	0.00264043108794382	0.00238769918346328	0.00217089315871934	0.00198344525898571	0.00182022875294096	0.00167719380066974	0.00155110642574046	0.00143935850930002	0.0013398275365134	0.00125077173500932	0.00117075074708171	0.00109856496376923	0.00103320866266455	0.000973833469893326
1.42003643782461	0.558835238978018	0.167178821197664	0.0788457469756756	0.0457110341223827	0.0298375899269069	0.0210337172669545	0.0156483177521524	0.0121144579900357	0.00966985789891643	0.00790773777037501	0.00659499127475637	0.00559024973404043	0.0048037297271197	0.00417618095833895	0.00366721637794487	0.00324853369513929	0.00289981819194643	0.00260617973947446	0.00235650084380485	0.00214234350404892	0.00195720878080983	0.00179602471765479	0.00165478550341611	0.00153029287400964	0.00141996792052576	0.0013217122053684	0.0012338039458765	0.00115481949194131	0.00108357328646271	0.00101907149449468	0.000960475853745073
1.39526391872998	0.561374846340311	0.166912059618766	0.0784582107561525	0.0453942774891285	0.0295911285347956	0.0208402941304187	0.0154936182815651	0.0119882962849279	0.0095651305285611	0.00781943952265725	0.00651952938721233	0.00552499298219456	0.00474671334790379	0.00412591123782101	0.00362253896238999	0.00320854315457593	0.00286379474559736	0.00257354419387918	0.00232678196557064	0.00211515403053704	0.00193222753002766	0.00177298307094779	0.0016334570680413	0.0015104854888141	0.00140151740944305	0.00130447744962758	0.00121766296177789	0.00113966628303266	0.00106931529762129	0.00100562753789831	0.000947774407802429
1.37155461075364	0.56383190895589	0.166644283962536	0.0780799957018112	0.045087273938246	0.0293531838799758	0.0206540411772572	0.0153449348177718	0.0118672150228201	0.00946473409496348	0.00773487004928405	0.00644730853918787	0.00546257828861822	0.00469220930051758	0.00407787864699512	0.00357986683007323	0.00317036087436249	0.00282941078202144	0.00254240247722205	0.00229843035961167	0.00208922117396114	0.00190840558254417	0.00175101468785263	0.00161312544654513	0.00149160667575878	0.00138393429451274	0.0012880550293218	0.00120228457174661	0.00112523057571119	0.00105573379883369	0.000992822657137621	0.000935677806909234
1.34883530274988	0.566211254132111	0.166375906361908	0.0777107271142966	0.0447895125791378	0.0291232626765092	0.0204745180543491	0.0152018829461507	0.0117508800289287	0.00936837732936015	0.00765377412957261	0.00637810370133572	0.00540280597562849	0.00464003930476395	0.00403192307823675	0.00353905540854454	0.00313385564956311	0.0027965466714801	0.00251264504345535	0.00227134531431077	0.00206445200408714	0.00188565689637514	0.00173003965265768	0.00159371619575598	0.00147358690036239	0.00136715346117136	0.0012723838240988	0.00118761127719859	0.00111145816593518	0.00104277759194989	0.000980608404366322	0.000924140126398797
1.32703967352272	0.568517304173022	0.166107283778793	0.0773500496289713	0.0445005198956292	0.0289009113520855	0.0203013217565745	0.0150641120023776	0.0116389872149481	0.00927579569741082	0.00757592033066098	0.00631171108225959	0.00534549540809622	0.00459004223272781	0.00398789994441545	0.00349997423172026	0.00309890915060064	0.00276509458293093	0.00248417319909141	0.00224543613531476	0.00204076286719792	0.00186390404633602	0.00170998607650227	0.00157516236975363	0.00145636364823022	0.00135111638353168	0.00125740891096289	0.00117359142085344	0.00109830036605431	0.00103040069789502	0.000968941278035889	0.00091312013701659
1.30610747627765	0.570754120278208	0.165838725640327	0.0769976262258953	0.0442198562773485	0.0286857119866254	0.0201340826186845	0.0149313013360796	0.0115312591728812	0.00918674832016257	0.00750109823016955	0.00624794562103545	0.00529048272411181	0.00454207204848386	0.00394567830190165	0.00346250522381368	0.0030654143488186	0.00273495703463663	0.00245689776460337	0.00222062090545461	0.00201807823394043	0.00184307715064471	0.00169078909476762	0.00155740358110132	0.00143988054404831	0.00133577029580075	0.00124308078341215	0.00116017844943051	0.00108571330737316	0.00101856169581481	0.000957782095689608	0.000902580708736029
1.28598383851611	0.572925440653717	0.165570500299102	0.0766531372472842	0.0439471129363364	0.0284772787510027	0.0199724608239314	0.0148031570701616	0.0114274422300107	0.00910101531837049	0.007429116025472	0.00618663883231854	0.00523761888745638	0.00449599604207128	0.00390513924332341	0.00342654123122024	0.00303327417061279	0.00270604565607383	0.0024307379317049	0.00219682542673777	0.0019963297168477	0.00182311295603541	0.00167239001289546	0.00154038520137196	0.00142408660157529	0.00132106748713834	0.00122935468711421	0.00114733028656404	0.00107365734713387	0.00100722316130426	0.0009470954609198	0.000892488304191352
1.26661865847828	0.575034713727846	0.165302840519676	0.0763162794368336	0.043681909159722	0.0282752547743175	0.0198161433521239	0.0146794092796211	0.0113273038927965	0.00901839551293546	0.00735979846747869	0.0061276369468802	0.00518676800930794	0.00445169330934692	0.00386617451546365	0.00339198476114888	0.00300240034197946	0.0026782801257345	0.00240562028357193	0.00217398231370193	0.00197545522883605	0.00180395405450343	0.00165473557540583	0.00152405767724199	0.00140893558227463	0.00130696469885043	0.00121619005216204	0.00113500879703226	0.00106209656198159	0.000996351186676987	0.000936849308271777	0.000882812546275991
1.24796608273085	0.577085127207768	0.16503594815507	0.0759867650111036	0.0434238898562903	0.0280793093797592	0.019664841302885	0.0145598095269122	0.0112306306202648	0.00893870442626978	0.00729298506807977	0.00607079930085579	0.00513780589628038	0.00440905343828135	0.00382868532598569	0.00335874689349067	0.002972712392485	0.00265158725607951	0.00238147795129128	0.00215203021323789	0.00195539825942863	0.00178554820991869	0.0016377773376989	0.00150837594296238	0.0013943854445125	0.00129342260686164	0.00120355000578653	0.00112317932703287	0.00105099831343292	0.000985914969520883	0.000927014513010562	0.000873525847442921
1.22998405227167	0.579079633586944	0.164769998146537	0.07566432076941	0.0431727233606725	0.0278891356386077	0.019518287540522	0.0144441287016052	0.0111372258777132	0.00886177253905696	0.00722852853938306	0.00601599693531188	0.00509061878959391	0.00436797536938343	0.00379258130926574	0.00332674633852569	0.00294413679333583	0.00262590020218399	0.00235824988474427	0.00213091313058923	0.0019361072497645	0.00176784777678753	0.00162147112402593	0.001493298913595	0.00138039786862298	0.00128040537560242	0.00119140095242445	0.00111181030810346	0.00104033287358857	0.000975886458374322	0.000917564555131446	0.000864603090594129
1.21263390674445	0.58102097261129	0.164505141955584	0.0753486872459702	0.0429280994639014	0.027704448199756	0.0193762346156012	0.0143321551207591	0.0110469084298596	0.00878744376465332	0.00716629343010947	0.00596311137442373	0.00504510226634537	0.00432836640363627	0.00375777962687849	0.00329590861794652	0.00291660620875282	0.00260115777482107	0.00233588022005403	0.00211057984489784	0.00191753505087832	0.00175080919665498	0.00160577655803256	0.00147878904624478	0.00136693784582315	0.00126788027197923	0.00117971221043735	0.00110087291455703	0.00103007310148886	0.000966240046407421	0.000908475228947889	0.000856021353307726
1.1958800381434	0.58291169112917	0.164241510517839	0.0750396179061245	0.0426897276433299	0.0275249813586159	0.0192384529254267	0.0142236928534919	0.0109595108392996	0.00871557410968506	0.00710615493035184	0.00591203355594759	0.00500116027881928	0.00429014133591332	0.00372420418251597	0.00326616535059363	0.00289005884348506	0.00257730384210457	0.00231431772886598	0.00209098340059521	0.00189963845247693	0.00173439256020883	0.00159065665469077	0.00146481195878804	0.00135397332110055	0.00125581733011722	0.00116845569668884	0.00109034076611497	0.00102019416223025	0.00095695230562792	0.000899724391146275	0.000847759668634256
1.17968958683459	0.584754160682507	0.163979216792688	0.0747368783870896	0.04245733546853	0.0273504873346506	0.0191047290814852	0.0141185602390299	0.0108748781416457	0.00864603049453051	0.00704799782065315	0.00586266289204868	0.00495870431180859	0.00425322169555316	0.00369178493454202	0.00323745362746062	0.00286443787222725	0.00255428680652929	0.00229351533726076	0.00207208066329873	0.00188237777164427	0.00171856122521262	0.00157607746437482	0.00145133609742147	0.00134147488191442	0.00124418905918789	0.00115760565172307	0.00108018966887384	0.0010106732823406	0.000948001755441866	0.000891291741444295	0.000839798816882263
1.16403217389716	0.586550593140599	0.163718357970017	0.074440245782744	0.0422306671628784	0.0271807347312692	0.0189748644567642	0.0140165885722869	0.0107928666732405	0.0085786897115818	0.00699171554524009	0.00581490644211444	0.00491765264119474	0.0042175350787896	0.0036604572921652	0.00320971546309406	0.00283969093908036	0.00253205914645214	0.00227342970414816	0.00205383193078209	0.00186571649269027	0.00170328148206477	0.00156200776140366	0.00143833244582966	0.00132941548594018	0.001232970187944	0.00114713839952502	0.00107039738891499	0.00100148953602324	0.000939368660456099	0.000883158630995121	0.00083212114377097
1.14887966474982	0.588303054632261	0.163459017385082	0.0741495079712984	0.0420094823031736	0.0270155071555722	0.0188486738898762	0.0139176209349704	0.0107133430310602	0.00851343750263791	0.00693720939243254	0.00576867818210741	0.00487792967972098	0.00418301456019989	0.00363016158348338	0.00318289731260747	0.00281576971713166	0.00251057701285153	0.0022540208506582	0.00203620059114253	0.00184962095081018	0.00168852226013914	0.00154841877064563	0.00142577426996572	0.00131777022221351	0.00122213744064701	0.0011370321368484	0.00106094345381729	0.000992623657782192	0.00093103485326613	0.000875307894494265	0.000824710401103838
1.13420595981857	0.590013477993762	0.163201266184154	0.073864462984269	0.0417935546418893	0.026854601978601	0.0187259845262846	0.013821511153491	0.0106361831475103	0.00845016773963764	0.0068843877678758	0.00572389835741973	0.00483946539810008	0.0041495981723598	0.0036008425855156	0.003156949645245	0.00279262951981642	0.00248979987367203	0.00223525183341026	0.00201915282155787	0.00183406005340565	0.00167425486917055	0.00153528392682057	0.00141363689341578	0.00130651610094912	0.00121166933993931	0.00112726674791569	0.0010518089781083	0.000984057877675109	0.000922983578670754	0.00086772370260943	0.000817551606748607
1.11998680865388	0.591683673918284	0.162945164776731	0.0735849184149043	0.0415826710386124	0.026697829219404	0.0186066347797373	0.0137281228676815	0.0105612714653811	0.00838878169531108	0.00683316554841675	0.00568049290818186	0.00480219481142012	0.00411722844456481	0.00357244910787166	0.00313182656684409	0.00277022895702816	0.00246969019926907	0.00221708845566177	0.00200265732206921	0.00181900503389246	0.00166045277085875	0.00152257866198696	0.00140189749911886	0.00129563186806304	0.00120154603292361	0.0011178236409657	0.00104297650932423	0.000975775776042883	0.000915199356325803	0.000860391431896662	0.000810630921226258
1.10619964444647	0.593315340966038	0.162690764104415	0.0733106908640613	0.041376630488881	0.0265450105384892	0.0184904733993821	0.0136373286966259	0.0104885002003716	0.00832918739230214	0.0067834635062537	0.00563839295763143	0.00476605752232348	0.00408585199286103	0.00354493362298059	0.00310748548471528	0.00274852963002312	0.00245021318346605	0.00219949901126372	0.00198668507968607	0.00180442923362166	0.00164709137661413	0.00151028021740394	0.00139053495387289	0.0012850978410472	0.00119174913729643	0.00110868560367626	0.00103442989187072	0.000967762155059004	0.000907667859319046	0.000853297549812363	0.000803935538636184
1.09282343634075	0.594910074571891	0.16243810675188	0.07304160542146	0.0411752432400806	0.0263959783281459	0.0183773586300324	0.0135490094898169	0.0104177686803853	0.00827129902096608	0.0067352077944994	0.00559753435552604	0.00473099731369285	0.00405541915478078	0.00351825193685441	0.00308388680942773	0.00272749586005906	0.00243133649556364	0.00218245405711691	0.00197120915882341	0.00179030790820543	0.00163414786798904	0.00149836747653951	0.00137952965260293	0.00127489576335803	0.00118226160486589	0.00109983667494568	0.00102615414630863	0.00096000292485085	0.000900375806536003	0.000846429512799268	0.000797453589995539
1.07983855732141	0.59646937516854	0.162187227921508	0.0727774951802319	0.0409783299853011	0.0262505748887513	0.0182671574547426	0.0134630536534886	0.0103489827523124	0.0082150364174318	0.00668832948656161	0.00555785726973719	0.00469696178463004	0.00402588366313937	0.00349236289524494	0.00306099368879862	0.00270709444645457	0.00241303005932987	0.00216592621046151	0.00195620451467296	0.0017766180550915	0.00162160103685445	0.00148682081647864	0.00136886337982072	0.00126500867490659	0.00117306760018529	0.00109126203089502	0.00101813536204609	0.000952485002283861	0.000893310867008	0.000839775675729976	0.00079117405736141
8.91768548360093	0.346630388673622	0.100475922774222	0.0705370097521173	0.0534005533239074	0.0427684099785581	0.0356617816609436	0.0305917264204524	0.0267920450642897	0.0238386432703837	0.021477824027355	0.0195482371262906	0.0179423512158755	0.0165857725610937	0.0154254260091911	0.0144224662191162	0.0135478531929907	0.0127794978389677	0.0121003709542391	0.0114972267692358	0.0109597355980984	0.0104799050867788	0.01005172548101	0.00967101997571068	0.0093355348432546	0.00904539680734185	0.00880426996282718	0.00862207418429823	0.0085219486172277	0.00856348338948102	0.00895638620997414	0.0109650130111459
6.58127706047155	0.418852935625864	0.109069644063698	0.0740359604652345	0.0540048428894548	0.041753682937386	0.0337082172692847	0.0280681703995257	0.0239117660107032	0.0207327412269327	0.0182305734189982	0.0162155653189146	0.0145622335535282	0.0131843990080783	0.012021011978465	0.0110276864222816	0.0101714369737071	0.00942729444218385	0.00877606703945963	0.00820282581732579	0.00769586444128842	0.00724598294480649	0.00684600702770014	0.00649049868164761	0.00617565587437356	0.00589945930376045	0.00566224625817084	0.00546819914149862	0.00532929087895632	0.0052786165191146	0.00543550070542952	0.00651562336222747
5.59741425713154	0.45611468067887	0.111434539401924	0.0743581880310102	0.0531839694108718	0.0403619684256408	0.0320430440512254	0.0262801008232718	0.0220803856003435	0.0189020198230548	0.0164253167027843	0.0144496883972929	0.0128432308248311	0.0115158822392064	0.0104042049275287	0.00946232990718177	0.00865634805933119	0.00796071575613817	0.00735588449702737	0.00682670065751976	0.00636130634655138	0.00595037877893962	0.00558661062027081	0.00526437821456887	0.00497958323117429	0.00472970345331501	0.00451418427678786	0.00433553925690701	0.00420233656011021	0.00413936948484584	0.00423733352856207	0.00504007803291413
4.98130611547198	0.481974728032338	0.112229737435545	0.074017483963152	0.0522124660966566	0.0391099644466303	0.0306886260612471	0.0249077766180532	0.0207307168934803	0.0175945445003789	0.0151688950351194	0.0132475202327205	0.0116954602445255	0.0104210104328669	0.00935987832762791	0.00846578713353744	0.0077046743089568	0.00705098542262932	0.00648523716391209	0.00599237608114535	0.00556065281130725	0.00518084224195806	0.00484570705265679	0.00454964679696939	0.0042885116041514	0.00405960441416796	0.00386197756544449	0.00369732856940407	0.00357247672312935	0.00350784700720748	0.00357892827497351	0.00423860850810771
4.54019089279072	0.501833330748192	0.112365839847752	0.0734533536586245	0.0512612610839669	0.0380100911695524	0.0295587530834248	0.023800420747661	0.0196681896773802	0.0165854075221868	0.0142151711068164	0.0123480614278001	0.0108476218054706	0.00962151127259779	0.00860524856039693	0.0077525984910018	0.00702965354678625	0.0064110635488986	0.00587756301083897	0.0054143097400641	0.00500974717368285	0.00465481650562365	0.00434241297394932	0.00406702556666051	0.00382453522298297	0.00361218801220228	0.00342883276776586	0.0032756875437599	0.00315849182699569	0.00309491381950656	0.00315076630323637	0.00372113223422149
4.20096263944453	0.517940219759038	0.112172576190605	0.0728087410247815	0.0503678111669242	0.0370394454459175	0.0285945282341537	0.0228767738732493	0.0187973249958225	0.0157700623134959	0.0134539269100155	0.011637726831352	0.0101843588249973	0.00900137645564728	0.00802444734396898	0.00720759544499497	0.00651720941570259	0.00592823527124929	0.00542168543778287	0.00498296868356716	0.00460074847898711	0.00426615296182996	0.00397222889380351	0.00371357697727518	0.00348614091668927	0.00328716157565549	0.00311537428600864	0.00297168525134498	0.00286109615593094	0.00279935382487792	0.00284547818929348	0.00335398886503811
3.92805135813182	0.531467508024797	0.111800091965439	0.0721413989265934	0.0495380791162078	0.0361752105079376	0.0277566843933428	0.0220878991556115	0.0180634819017278	0.0150906126788876	0.0128255807913957	0.0110562802768825	0.0096454674813883	0.00850089457492452	0.00755856241820968	0.00677286572721895	0.00611055601624238	0.0055469141578918	0.00506325174724391	0.00464523922588743	0.00428176489974727	0.00396414610663862	0.00368558362379082	0.0034407954160644	0.00322580020522782	0.00303785845433427	0.0028756403351161	0.00273983537666955	0.00263490710942083	0.0025751753823701	0.00261458286910047	0.00307733113368942
3.70151937341179	0.543108533969801	0.111326122729431	0.0714772357205663	0.048769098518354	0.0353988255800594	0.0270181280699988	0.0214019880045712	0.0174323216969605	0.0145115054350173	0.0122941835398257	0.0105678947901422	0.00919557286457346	0.00808535080855036	0.00717366652578844	0.00641534289146051	0.00577752391518785	0.00523583835787498	0.00477190025425393	0.00437163955483038	0.00402416464889014	0.00372097675583415	0.00345542643811454	0.00322234747640548	0.0030178371962931	0.00283918797522206	0.0026850329129698	0.00255590378443986	0.0024558531170418	0.00239809284224428	0.00243260119489814	0.00285990243039947
3.50910237480245	0.553309120956442	0.110794366177733	0.0708283667780018	0.048055478027588	0.0346957085657184	0.0263594753993058	0.0207971870654045	0.0168808272138526	0.0140093251748129	0.0118363824442989	0.0101495602051692	0.00881217556285294	0.00773285404076877	0.00684852878663747	0.00611447840700014	0.0054982493650203	0.00497581828387041	0.00452909620243927	0.00414426454721595	0.00381064295794197	0.00351990814646769	0.00326555352502007	0.00304252426586948	0.00284699584295739	0.00267629853227901	0.00252904558198452	0.00240564981182158	0.0023098389131615	0.002253935867485	0.00228472185063679	0.00268362150024336
3.34273931077596	0.562373523924474	0.110230805594871	0.0702003573067414	0.0473915128197305	0.0340544045590724	0.0257664135500198	0.0202578361364999	0.0163928175065686	0.013567841407358	0.0114361710141337	0.00978565198175945	0.00848012102102542	0.00742876447493072	0.00656904177780229	0.00585669767136629	0.00525968018220662	0.00475430696831534	0.00432277643377131	0.00395151089035512	0.00363003083178376	0.00335017902794796	0.00310558388845017	0.00289129637973461	0.00270356775952434	0.00253976879409835	0.00239850384337873	0.00228009354083665	0.00218800192965283	0.00213382041418745	0.00216168709541845	0.00253723127398484
3.19686115367735	0.570518901940817	0.109651509621792	0.069595474737093	0.0467718800455213	0.0334658292118011	0.0252280885354199	0.019772333984375	0.0159564905478883	0.0131753534921654	0.0110821182978671	0.00946510018114086	0.00818874601719307	0.00716284378114896	0.00632539349249826	0.00563260627689632	0.00505282477299686	0.00456269735017231	0.00414469824552891	0.00378547915117894	0.00347475066242181	0.00320451207237171	0.002968518844896	0.00276192181974265	0.00258104481237332	0.00242329979025191	0.00228728939125238	0.00217326121995329	0.00208446073984205	0.00203186502577781	0.00205738355785895	0.00241332237976407
3.06746780992085	0.577905780459099	0.109066687402328	0.0690142695757535	0.0461918345938463	0.0329226906868667	0.0247360819518663	0.0193318518757777	0.0155629807984642	0.0128231589226873	0.0107657908841303	0.00917979358008873	0.00793028389986584	0.00692767424349148	0.00611050895476999	0.00543545971574901	0.00487125348001076	0.00439485732811906	0.0039890091307184	0.00364057837607263	0.00333945523800291	0.00307778633757728	0.0028494465399729	0.00264968072011295	0.00247488169857985	0.00232250229577655	0.00219114819343846	0.00208100808887313	0.00199514305366653	0.00194400574521368	0.00196759608270801	0.00230680014637273
2.95159478581648	0.584656217869509	0.108482936860413	0.0684563890588289	0.0456472228520589	0.0324190637431817	0.0242837381657936	0.0189295196285068	0.0152054656924797	0.0125046179918279	0.0104807996885274	0.00892362407418537	0.00769891672656154	0.0067177252272247	0.00591913524159573	0.00526026956379622	0.00471022740987864	0.00424628192151931	0.00385142239566172	0.00351272487570991	0.00322024909512946	0.002966280340276	0.00274480567983623	0.00255115845785358	0.00238179689876557	0.00223421373376164	0.00210702088753543	0.00200035881714403	0.00191713077293923	0.00186733559847365	0.00188931510163695	0.00221403562938823
