7.09547931428736	0.281869611820702	0.140934805910351	0.0939565372735673	0.0704674029551755	0.0563739223641404	0.0469782686367837	0.0402670874029574	0.0352337014775877	0.0313188457578558	0.0281869611820702	0.0256245101655184	0.0234891343183918	0.0216822778323617	0.0201335437014787	0.0187913074547135	0.0176168507387939	0.0165805654012178	0.0156594228789279	0.0148352427274054
4.71909627061668	0.358912819174297	0.160969559050351	0.0986367261949916	0.0689781852399823	0.0519544715928517	0.0410530678026597	0.0335490625267838	0.0281107062503825	0.0240140470924484	0.0208336521317602	0.0183041362671314	0.0162519348594484	0.0145590856024237	0.0131428171588469	0.0119434663558394	0.0109170249815038	0.0100303785030247	0.0092581713098732	0.00858068790539995
3.86045174193144	0.396863452369867	0.16758290196102	0.0982853783407998	0.0663978626195699	0.0486058068066025	0.0374888657690336	0.0300006373536032	0.0246779273769241	0.0207380034852448	0.0177277000467502	0.0153682392568884	0.0134796594940158	0.0119411412430545	0.0106688830996186	0.00960313654112483	0.0087002851282312	0.00792783100678601	0.00726112319125866	0.00668116490960753
3.35270009792203	0.42300060553787	0.170849760787512	0.0971270896728565	0.0640726090133274	0.0460171133241013	0.0349357544369276	0.0275856063830469	0.0224309250646191	0.0186605681281146	0.0158103306180404	0.0135976551197439	0.0118419110569052	0.0104229188851005	0.00925801640764945	0.00828872560664565	0.00747266794407468	0.00677848326671533	0.00618253615697008	0.00566672258977976
3.0021688198007	0.443029593699752	0.17263241633945	0.095772672982902	0.0620408142382618	0.0439269089445241	0.0329648785660085	0.0257796011470322	0.0207916036848979	0.017175379024811	0.0144629254534056	0.0123717799446378	0.0107227562949399	0.00939747016113675	0.00831501688376522	0.007418500390666	0.00666691423467684	0.00603006779433589	0.00548531477220849	0.00501538544258826
2.73970569956911	0.459271346701123	0.173615291782477	0.0943968008497553	0.0602583936748373	0.042185441292825	0.0313734983437698	0.0243540529767908	0.0195204561132941	0.016040458973241	0.013445936794778	0.0114563241951381	0.00989475316069284	0.00864503163473145	0.00762816097743886	0.00678884597740785	0.00608740529966476	0.00549473956495336	0.00498910086704049	0.00455396082004104
2.53294584545535	0.472920498486154	0.174119357973926	0.0930598204270516	0.0586803199361088	0.040700637784244	0.030048544998111	0.0231876733187455	0.0184945735573218	0.0151347618759908	0.0126420025819909	0.010738511655199	0.00925009230884101	0.00806284400244472	0.00709965313875355	0.00630675039212147	0.00564568378494837	0.00508834522533941	0.00461378906085652	0.00420613949185196
2.36426475365205	0.484678573130831	0.174317203559977	0.0917829671091311	0.0572700212873551	0.0394120981806289	0.0289203496342441	0.0222083193906287	0.0176426355634333	0.014389384535596	0.0119853625978691	0.0101559936417208	0.00872986225459558	0.00759533120968172	0.00667708727234127	0.00592278397991763	0.00529509489474179	0.00476680624901915	0.00431768738974326	0.00393243811854444
2.2230684044698	0.494994521755283	0.174310293499095	0.090572176884116	0.0559989071462873	0.0382781378952033	0.0279429519749356	0.0213696679600794	0.0169197284718354	0.013761592692632	0.0114357418880124	0.00967099095433934	0.00829869646277302	0.0072094009408141	0.00632948523868454	0.00560791888369915	0.0050084024309218	0.00450452914835202	0.00407670761840005	0.00371014815453632
2.10252630402664	0.5041737489036	0.174162169919095	0.0894270154328091	0.0548446377788798	0.0372688188928204	0.0270844706858661	0.0206402762123707	0.0162958467640912	0.0132231930968064	0.0109668438902566	0.00925905299209647	0.00793387983251979	0.00688394079318529	0.0060372007650016	0.00534384361698994	0.0047685076032362	0.00428551644191166	0.00387585301548714	0.00352518336297726
1.99799680748076	0.512433748327031	0.173914545844289	0.0883443968214626	0.0537895866828571	0.0363619409989268	0.0263219172590486	0.0199978769369521	0.0157500228389231	0.0127546921704718	0.0105606449682116	0.00890354537962999	0.00762005758250375	0.00660475939212614	0.00578709356284996	0.00511836497925839	0.00456407014567958	0.00409919658317501	0.00370524590673819	0.00336829361986534
1.90619375527004	0.519935043076531	0.173595819539943	0.0873202358975544	0.0528196722130094	0.0355406052965923	0.0256381953027185	0.0194261620692056	0.015267075184553	0.0123421036282307	0.0102043104534572	0.00859269802056006	0.00734642457684025	0.00636191812459716	0.00557000004986276	0.00492301188693921	0.00438723816205501	0.00393827224955461	0.00355808679684115	0.00323312747095455
1.8247128244081	0.526799558756961	0.173225890130695	0.0863502072316209	0.0519235017291078	0.0347916643526145	0.0250202646713772	0.0189128567393047	0.0148356902223572	0.0119750870832166	0.00988841343135596	0.00831791374632711	0.00710512605203593	0.00614822212695116	0.00537931067817226	0.00475169411841555	0.00423238298797582	0.00379752600301331	0.00342952568847704	0.00311516425002019
1.75174670259703	0.533122115351193	0.172819029036908	0.0854300936187294	0.0510917471716389	0.0341046985772881	0.0244579667416768	0.018448509297186	0.0144472327680358	0.011645805309266	0.00960585024047305	0.00807274571434164	0.00689029651801734	0.00595831822843387	0.00521012348477473	0.00459990766071059	0.00409535247727145	0.00367311778907745	0.00331600028447795	0.00301108973049998
1.68590577616006	0.538977924509974	0.17238566722544	0.0845559382559361	0.050316686155417	0.0334713182247096	0.023943244459203	0.0180257006280689	0.0140949775137143	0.0113481925131047	0.00935115109843315	0.00785225138926805	0.00669745582495732	0.00578813076083359	0.00505871686504809	0.00446424156957194	0.00397300914862997	0.00356215173362755	0.00321482899886641	0.00291841312519641
1.62610086783025	0.544427654976512	0.171933547938852	0.083724100919639	0.0495918608540593	0.03288467431724	0.0234696081850718	0.0176385101728215	0.0137735952510395	0.0110774690285706	0.00912002586352225	0.00765256921481431	0.00652311528993663	0.00563449512951672	0.00492220840466961	0.00434205989998335	0.00386293316800778	0.00346239828705372	0.00312395054160783	0.0028352225570816
1.57146405071982	0.549520957547971	0.171468492816833	0.0829312671234389	0.0489118212260359	0.0323391078106855	0.0230317600790686	0.0172821450804243	0.0134787992844596	0.0108298097063674	0.00890905547264547	0.00747063247251974	0.00636451259914889	0.00549491210337646	0.00479832685762391	0.00423128974149307	0.00376322492960635	0.00337210997579912	0.00304175160311235	0.00276002356939037
1.52129368501795	0.554298980860225	0.170994924291618	0.0821744348688097	0.0482719292702336	0.0318298927107163	0.0226253238643545	0.0169526763733472	0.0132070959375212	0.0106021114406333	0.00871547677572249	0.0073039706453298	0.0062194284884218	0.00536737847209003	0.00468525545776741	0.00413027594529384	0.00367237006886927	0.00328989568626169	0.00296694950425768	0.00269162933852689
1.4750153488946	0.55879620667716	0.17051622977003	0.0814508915653456	0.0476682079801276	0.0313530445536323	0.0222466464921187	0.0166468472634236	0.0129556046410474	0.0103918265200038	0.00853702904190649	0.00715056829429299	0.00608605695835857	0.00525026752149939	0.0045815216216491	0.00403767910510636	0.00358914486726564	0.00321463273374906	0.00289851025777423	0.00262908413550953
1.43215348298976	0.563041814659477	0.170035020469768	0.0807581875677291	0.0470972234449111	0.0309051753128721	0.0218926499946849	0.0163619312914007	0.0127219256960637	0.0101968408021621	0.00837184224995262	0.00700876273626074	0.00596291147458322	0.00514224288945347	0.00448591764859995	0.00395240236709954	0.00351254851864408	0.0031454040091206	0.0028355900893001	0.00257160877791645
1.39231042885815	0.567060714558341	0.169553318532758	0.0800941095843581	0.046555991831979	0.0304833818918975	0.021560719084821	0.0160956256055954	0.0125040414191184	0.0100153830970183	0.00821835433620905	0.00687716850679911	0.00584875592608842	0.0050421953208049	0.00439744263061588	0.00387353792117976	0.00344175369656317	0.00308145217986494	0.00277749288621334	0.00251856098977426
1.35515067795829	0.570874338714976	0.16907269433736	0.079456655526948	0.0460419052647227	0.0300851593182595	0.0212486146755569	0.0158459694917579	0.0123002411176201	0.00984595671184802	0.00807524891799195	0.00675462069413597	0.0057425529725735	0.00494919546260588	0.00431525918410511	0.00380032721737054	0.00337606986034061	0.00302214574240435	0.00272363869809616	0.00246940609132627
1.32038886146975	0.5745012587834	0.168594368620691	0.078844011476545	0.0455526722082437	0.0297083323756124	0.0209544065001067	0.0156112813553828	0.0121090633722008	0.00968728701400863	0.00794140775675571	0.00664013181257834	0.00564342483225369	0.00486245810636676	0.00423866073624838	0.0037321309370163	0.00331491559938948	0.00296695347010134	0.00267354005562454	0.0024236949874748
1.28778047097081	0.57795767152648	0.168119289343043	0.0782545309712648	0.0450862691098258	0.02935100118461	0.0206764200115159	0.0153901093933164	0.0119292510852822	0.00953828075539886	0.0078158740046878	0.00653285855043577	0.0055506231185686	0.00478131473748426	0.00416704645545845	0.00366840601628927	0.00325779750150462	0.00291542491281421	0.00262678391773214	0.00238104740428734
1.25711460292885	0.581257785711929	0.167648190165938	0.0776867165804791	0.0446409008551784	0.0290114974663047	0.0204131940993353	0.0151811925607814	0.0117597160796004	0.00939799415837479	0.007697823456246	0.00643207582691352	0.00546350535818613	0.0047051922051809	0.00409990180328341	0.00360868784738236	0.00320429380390932	0.00286717532708026	0.00258301773464804	0.00234113895924872
1.2282082236413	0.584414133342383	0.167181635374274	0.0771392036145339	0.0442149681926284	0.0286883490784304	0.020163447098926	0.0149834293782591	0.0115995109325872	0.00926560761385139	0.00758654182140072	0.0063371563322559	0.00538151650978177	0.0046335959643392	0.00403678327809219	0.00355257633465683	0.00315404160037118	0.00282187389654332	0.00254193856409815	0.00230369107258753
1.20090159076652	0.587437822319055	0.166720054687713	0.0766107457711921	0.0438070407114135	0.0283802510244798	0.0199260492281066	0.0147958527766105	0.0114478063576197	0.00914040542935908	0.00748140658388904	0.00624755423229346	0.00530417427256689	0.00456609677559134	0.00397730632432609	0.0034997248578174	0.00310672672654905	0.00277923442759956	0.00250328448203564	0.00226846301178264
1.17505456473799	0.590338743289652	0.166263770450965	0.0761002025082266	0.0434158342821847	0.028086041575197	0.019700000055777	0.0146176096416178	0.0113038728831804	0.00902175947629731	0.00738187238954731	0.00616279207156703	0.00523105729970907	0.00450232005156013	0.00392113566024753	0.00344983145308163	0.00306207568634129	0.00273900792933826	0.00246682773845625	0.00223524555705422
1.15054361205978	0.593125740303388	0.165813019023977	0.0756065279383781	0.043040192109066	0.027804682463394	0.0194844099467906	0.0144479440513097	0.0111670658951934	0.00890911587829318	0.007287459180435	0.00608245015878402	0.00516179566184708	0.00444193724939942	0.00386797747325906	0.00340263170493575	0.00301984915056585	0.00270097664365313	0.00243236925505471	0.00220385591227553
1.1272593517524	0.595806752616107	0.165367967718746	0.0751287610584657	0.0426790687250909	0.0275352423505457	0.0192784846759172	0.0142861834409644	0.01103681333519	0.00880198409355593	0.00719774248496792	0.00600615789726666	0.00509606307044739	0.00438465886129869	0.00381757307164875	0.00335789297031412	0.00297983667909341	0.0026649492027018	0.00239973416514644	0.00217413358253136
1.10510453201305	0.598388933306265	0.164928728288919	0.0746660171434471	0.0423315164020993	0.0272768829411787	0.0190815125877744	0.0141317271084165	0.0109126055135203	0.00869992789811399	0.00711234541583428	0.00593358665293303	0.00503357048995601	0.00433022866418751	0.00376969368254249	0.00331540965022696	0.0029418524038177	0.00263075667095214	0.00236876817077503	0.00214593700904055
1.08399235046994	0.600878749107134	0.164495367731007	0.0742174801557897	0.0419966735533528	0.0270288472551421	0.0188928538173419	0.0139840366045297	0.0107939866202201	0.00860255789052172	0.0070309320316914	0.00586444384775967	0.00497406085509289	0.00427841897006685	0.00372413615959795	0.00327499929187023	0.00290573147273026	0.00259824928735518	0.00233933454612361	0.00211914080267328
1.06384505097297	0.603282064913784	0.164067916974502	0.073782396039154	0.0416737547902813	0.0267904496700526	0.0187119311897781	0.0138426276531065	0.0106805476085273	0.00850952522347012	0.00695320179621337	0.00579846803752779	0.00491730467441537	0.00422902667773904	0.00368071941847835	0.00323649935444759	0.00287132710172788	0.00256729376612561	0.00231131165623185	0.0020936334544371
1.04459274455567	0.605604215702403	0.163646377903626	0.0733600667824397	0.0413620423597594	0.0265610674247999	0.0185382224976869	0.0137070633199483	0.0105719201958792	0.00842051633168443	0.00687888492637779	0.00573542478581068	0.00486309634978996	0.00418186997108276	0.00363928145884402	0.00319976450937388	0.00283850811532393	0.00253777104657532	0.00228459088968435	0.00206931542891031
1.02617241334403	0.607850068045379	0.163230729052822	0.0729498451554499	0.04106087873948	0.0263401333359412	0.0183712539151114	0.0135769482085512	0.0104677717805058	0.00833524847413586	0.00680773846613659	0.0056751031864182	0.00481125107809091	0.00413678554252068	0.00359967686228803	0.0031646643737275	0.00280715688342559	0.00250957440647554	0.00225907492621882	0.00204609756732246
1.00852706471226	0.610024072976117	0.162820930242188	0.0725511300307796	0.0407696602095372	0.0261271295264332	0.0182105943549545	0.0134519235045356	0.0103678011127314	0.00825346594592121	0.00673954295549685	0.00561731291727564	0.00476160222942552	0.00409362624584939	0.00356177467899271	0.00313108159725207	0.00277716758107604	0.00248260787165569	0.00223467627709682	0.00202389974268176
0.99160500956169	0.612130311622021	0.162416926361348	0.0721633622181521	0.0404878312506762	0.0259215820036378	0.0180558506136084	0.0133316627256245	0.0102717345918987	0.00817493684403734	0.00667409959119012	0.00556188173241586	0.00471399911771276	0.00405225910220942	0.00352545663380276	0.00309891023963899	0.00274844471317772	0.00245678486850078	0.00221131604900014	0.00200264972134804
0.975359243713605	0.614172534759962	0.162018650466042	0.0717860207474631	0.040214879645617	0.025723055953239	0.0179066631757674	0.0132158680612079	0.0101793230846781	0.00809945029378542	0.0066112277954516	0.00550865331716799	0.00466830509613234	0.00401256359815704	0.00349061559627221	0.00306805438752032	0.0027209018578856	0.00243202707677569	0.00218892289217828	0.00198228219469669
0.95974691541305	0.616154197239227	0.16162602631765	0.0714186195454348	0.0399503321808075	0.0255311516394115	0.0177627025755487	0.0131042672070201	0.0100903391800879	0.0080268140602098	0.00655076312537074	0.00545748544602285	0.00462439592300003	0.00397443022664712	0.00345715427004547	0.00303842697048902	0.00269446059144121	0.00240826344857527	0.00216743210131286	0.00196273795169864
0.944728865101419	0.618078488049872	0.161238970469367	0.0710607044582063	0.0396937508629559	0.0253455008205934	0.0176236662285113	0.0129966106175358	0.0100045748120426	0.00795685248294469	0.00649255546785035	0.00540824839399584	0.00458215835388044	0.00393775923104395	0.00342498406541275	0.00300994874321787	0.0026690495643351	0.00238542936575409	0.0021467848436228	0.00194396316885814
0.930269226125433	0.619948356680313	0.160857393982115	0.0707118505785562	0.0394447295785583	0.0251657636055703	0.0174892756639864	0.0128926691123441	0.00992183919260799	0.00788940468395322	0.00643646747519693	0.00536082356129888	0.00454148892387031	0.00390245951963996	0.00339402412558088	0.00298254740687058	0.00264460370430038	0.00236346591335821	0.00212692749350747	0.00192590879837284
0.916335077055628	0.62176653629962	0.160481203836996	0.0703716598419181	0.0392028911359999	0.0249916256870361	0.017359274099099	0.0127922317837478	0.0098419570090479	0.00782432300653714	0.00638237320434353	0.00531510227830608	0.00450229289045568	0.00386844772402197	0.00336420048252884	0.00295615684786331	0.00262106352609817	0.00234231925068224	0.00210781105681067	0.00190853003888688
0.90289613789937	0.623535564212031	0.160110304098302	0.0700397588600406	0.0389678846391722	0.0248227958999606	0.0172334243055754	0.0126951041617126	0.0097647668457451	0.00776147165115409	0.00633015692911753	0.00527098476355422	0.00446448331253294	0.00383564737931726	0.0033354453225805	0.00293071647592339	0.00259837453161742	0.00232194006484907	0.00208939067080946	0.00189178587600432
0.889924503796286	0.625257799959318	0.159744596870873	0.0697157969651689	0.0387393831492882	0.0246590040604298	0.0171115067283501	0.0126011065995183	0.00969011979856019	0.00770072547937372	0.0062797121001465	0.00522837921216338	0.00442798024536445	0.00380398820812971	0.00330769634525657	0.00290617064651866	0.00257648668667302	0.00230228309443916	0.0020716251684556	0.00187563868197287
0.877394410842613	0.626935441387724	0.159383983087506	0.0693994444410904	0.0385170815980146	0.0244999990474894	0.0169933178214886	0.0125100728493643	0.0096178782544788	0.00764196896201795	0.00623094043120336	0.005187200995832	0.0043927100346267	0.0037734054930354	0.0032808962017421	0.00288246815525773	0.00255535396319776	0.0022833067128185	0.0020544766973546	0.00186005386575806
0.865282029555542	0.628570538947527	0.159028363155581	0.0690903909203674	0.0383006949204063	0.0243455470962035	0.0168786685722869	0.0124218488020285	0.00954791481372562	0.00758509525138456	0.00618375109422757	0.0051473719586321	0.00435860469546823	0.00374383952499627	0.00325499200156187	0.00285956179391534	0.00253493393740098	0.00226497256253781	0.00203791038555401	0.00184499956619489
0.853565282198065	0.63016500845305	0.158677637486829	0.0687883439296509	0.038089956380625	0.0241954302748625	0.0167673831888413	0.0123362913686739	0.00948011133508675	0.00753000536061941	0.00613806000807688	0.00510881979534786	0.00432560136475259	0.00371523511708537	0.00322993487789901	0.00283740795941338	0.00251518743599839	0.0022472452335804	0.00202189404750701	0.00183044638209992
0.842223680769632	0.631720642497403	0.158331706929942	0.0684930275671908	0.0378846160672038	0.0240494451232117	0.016659297930056	0.0122532674862117	0.00941435808812602	0.00747660743591474	0.0060937892083857	0.00507147750117184	0.00429364181651806	0.00368754117458972	0.00320567960350537	0.00281596630846393	0.00249607822387414	0.00223009197938802	0.00200639792463715	0.00181636713420609
0.831238182952188	0.633239120688278	0.157990473122268	0.0682041812985792	0.0376844395378071	0.0239074014318738	0.0165542600601268	0.0121726532303809	0.00935055299842572	0.00742481610937579	0.00605086628782785	0.00503528288328538	0.00426267203221905	0.00366071031393611	0.00318218425039973	0.00279519945171429	0.00247757272757013	0.00221348246554215	0.00199139445580253	0.00180273665458791
0.820591063703681	0.634722018847618	0.157653838774048	0.0679215588584277	0.0374892065961371	0.0237691211459129	0.0164521269121078	0.0120943330230074	0.00928860097401861	0.00737455192219893	0.0060092238976777	0.00500017812627114	0.00423264181858558	0.00363469852402859	0.00315940988758324	0.00277507268217188	0.00245963978985389	0.00219738854676203	0.00197685807367875	0.00178953159991028
0.810265800527233	0.636170817298232	0.157321707896358	0.0676449272471294	0.0372987101859309	0.0236344373778274	0.0163527650473293	0.012018198921831	0.00922841330288309	0.0073257408093093	0.00596879930289577	0.00496610940448994	0.00420350446699588	0.00360946486453765	0.0031373203118604	0.00275555373346692	0.00244225045132682	0.00218178406853159	0.00196276502367803	0.00177673028538618
7.55078724882083	0.346645259337679	0.122939207035198	0.0839831662974631	0.0631966932139593	0.0506285878138708	0.0422579157351796	0.0362885754131568	0.0318214678356529	0.0283581937605708	0.0256006140356574	0.0233602184264641	0.0215131442201309	0.0199765062641049	0.0186959799773814	0.0176408296752835	0.0168071415645806	0.0162402019030515	0.0161486524131479	0.0178976450774676
5.40112223696649	0.418811888670478	0.132340563027123	0.0857495759683771	0.0613573557645225	0.046984276921997	0.0376530501520138	0.0311568476646907	0.0264035192212237	0.0227945307709719	0.0199755973290475	0.017724639496335	0.0158963889910794	0.0143931041270625	0.0131486125592027	0.0121202695204271	0.0112877163602322	0.0106641119591671	0.0103623974983691	0.0111755539976801
4.51812982504896	0.455929424417168	0.134779679727737	0.0849782185638805	0.0592407465067692	0.0443352379693553	0.0348205513772272	0.0282993763066961	0.0235960806247962	0.0200722790540211	0.0173534067202634	0.015206573916988	0.0134804860038291	0.0120737754505463	0.0109176551715052	0.00996678473751633	0.00919654916191054	0.00861067430962428	0.00829196149007886	0.00885053849008731
3.97429362644003	0.481624691041334	0.135499633377686	0.0838298023870083	0.0573888717791509	0.0422773094323706	0.0327537478634639	0.0263022195302325	0.0216983183167819	0.0182822509343517	0.0156697110386955	0.0136233792426378	0.0119900169922182	0.0106674304676878	0.0095863696080201	0.0087008265312468	0.00798454426941681	0.00743670931988094	0.00712433734196088	0.00755983052585585
3.58991884236997	0.501315792045593	0.135511206629284	0.0826289953885804	0.0557821768572101	0.0406027247513053	0.031134600353052	0.02478003239699	0.0202831457504125	0.016971627794474	0.0144563142502584	0.0124982815872862	0.0109440634849797	0.00969175194238518	0.00867244669225112	0.0078402238042665	0.00716817926041478	0.00665290851158999	0.00635153930954071	0.00671398919012688
3.29744682445147	0.517259141900049	0.135176178228424	0.0814625556272476	0.0543745386553642	0.039196798018332	0.0298112326176464	0.0235605146746123	0.0191674546460503	0.0159522613633285	0.013523571880606	0.0116423237569498	0.010155662146552	0.00896247399664838	0.00799456105769495	0.0072064089787544	0.00657092761855827	0.00608309103671426	0.00579319332404213	0.00610711047242575
3.06426332385775	0.530629440128718	0.134657414374271	0.080355941135774	0.0531272491784532	0.0379895211433411	0.0286979907739077	0.0225504757752388	0.018254996303898	0.0151274098582936	0.0127757344678374	0.0109615920738097	0.00953317789507874	0.00839041711207096	0.00746596944251261	0.00671487769041871	0.00611010135954026	0.00564554005880367	0.00536645631961136	0.00564569490842109
2.87221745619066	0.542120899742795	0.134038242759349	0.0793146478467952	0.0520106018702019	0.0369349607925721	0.0277415437634893	0.0216936190283825	0.0174888618186637	0.0144408328240536	0.0121579203720792	0.010402913214771	0.0090252896338597	0.00792612498466431	0.00703899918570719	0.0063195757150788	0.00574099057723115	0.00529640369120915	0.00502720419742972	0.0052803679816674
2.71021691464336	0.552179455482244	0.133364909760434	0.0783370312273933	0.0510019444703239	0.0360013322003623	0.0269063735374184	0.0209533184578046	0.0168326543237703	0.013857048899841	0.0116359011787404	0.00993345381888137	0.0086005876759154	0.00753957075394874	0.00668491767716693	0.00599293352194866	0.0054370001328301	0.00500975484625053	0.0047495044603829	0.00498230757434378
2.57101492022534	0.561109127609603	0.132664524577498	0.077418933580681	0.0500838063809039	0.0351657251043122	0.0261676289944103	0.0203044288247782	0.016261736139478	0.013352312177626	0.0111869889883598	0.00953163223920936	0.00823857915787067	0.0072112946452239	0.00638521744687726	0.00571729273152686	0.00518118528519849	0.00476915689117625	0.0045169976219213	0.0047334316033447
2.44963298717783	0.569126690124198	0.131953578088419	0.0765554985257406	0.0492425051189387	0.034411083633343	0.0255072496343443	0.0197289629224776	0.0157586928129015	0.0129100009746972	0.0107954330682151	0.00918257287253143	0.00792522856134353	0.00692804478643398	0.00612736062212761	0.00548074788253292	0.00496217257160204	0.0045636238847266	0.0043187943381906	0.00452175957723682
2.3425138285739	0.576392228429887	0.13124234305743	0.0757419042019728	0.0484671581290228	0.033724372482015	0.024911707019225	0.0192136283695236	0.0153107877100657	0.0125180607926515	0.0104498922358046	0.00887563136871856	0.00765054808988678	0.00668043776235798	0.00590250930396218	0.00527494150601333	0.00477200857274286	0.00438550116504489	0.00414733396442908	0.00433900583924609
2.24703397028415	0.583027353115163	0.130537297551966	0.0749736494965964	0.0477489841961366	0.0330954097210681	0.0243706138061708	0.0187483385900096	0.0149084433751097	0.0121674943783275	0.0101419550631366	0.00860295648751067	0.00740720658590211	0.00646161604170242	0.00570423011759913	0.00509381191318843	0.00460494393608293	0.00422927273283088	0.00399718487192837	0.00417923801957075
2.16120759004017	0.589126623335481	0.129842528629305	0.0742466477603242	0.0470808043447323	0.0325160946213461	0.0238758281345806	0.0183252692355685	0.0145442901340682	0.0118514243152748	0.00986522812673673	0.00835860981649736	0.00718968299820639	0.00626643523989666	0.00552771374733352	0.00493284210751703	0.00445670703116982	0.00409085165500814	0.00386433340038272	0.00403808536657043
2.08349837444323	0.594765014616681	0.129160578984418	0.0735572368565461	0.0464566799383242	0.0319798800145683	0.023420855482114	0.0179382367011761	0.0142125457692035	0.0115644867310772	0.0096147502932442	0.00813800358482001	0.00699372855589626	0.00609095017594825	0.00536928350159065	0.00478858870262584	0.004324050053273	0.00396713817287958	0.00374574256770073	0.00391224929791284
2.01269549830825	0.600002971930014	0.128492974790126	0.0729021541435775	0.0458716461084653	0.0314814017070719	0.0230004367476052	0.0175822753532234	0.0139085973344485	0.0113024255279701	0.00938660310950197	0.00793752868014368	0.00681601256904561	0.00593207782534898	0.00522607425962529	0.0046583752480209	0.00420445450418689	0.00385573385993682	0.00363906748046492	0.00379918882122351
1.94782927927424	0.604889929899798	0.127840563888033	0.0722784985976418	0.0453215123712209	0.0310162119720853	0.0226102570712606	0.0172533419331169	0.013628711142579	0.0110618128249415	0.00917764386293815	0.00775430100994722	0.00665388194215525	0.00578736935185619	0.00509581607289114	0.00454008617912176	0.00409593389290857	0.00375475066830303	0.0035424657328751	0.00369691158632684
1.88811225952005	0.609466827139017	0.127203737438256	0.0716836902278772	0.0448027113285179	0.0305805839060648	0.0222467353074982	0.0169481039374827	0.0133698266775218	0.0108398514887757	0.00898531797958248	0.0075859840300092	0.00650519355847603	0.00565485176975691	0.00497668433709043	0.0044320245665046	0.00399689789060141	0.00366267978412433	0.00345446750988989	0.00360383112295331
1.83289708321345	0.613767941439039	0.12658257794905	0.0711154312696769	0.044312182308901	0.0301713651866657	0.0219068687846249	0.0166637849664346	0.0131294070048867	0.0106342325887276	0.00880752423129772	0.0074306617452044	0.0063681947613813	0.00553291540122127	0.00486719360562612	0.00433281156566519	0.00390605654267627	0.00357829936610747	0.00337388440678836	0.00351866687602477
1.78164576367794	0.617822254902415	0.125976959686862	0.0705716709434113	0.0438472807663029	0.0297858669933722	0.0215881168295855	0.0163980496387748	0.012905328148107	0.0104430305171486	0.00864251598673308	0.00728674601697056	0.00624143640871094	0.00542023224622963	0.00476612077442443	0.00424131385552225	0.00382235129869457	0.00350060825394521	0.00329974404732967	0.00344037268546011
1.73390685453912	0.62165448657566	0.125386617650438	0.0700505742839928	0.0434057069281655	0.0294217784218137	0.0212883120209052	0.0161489165644271	0.0126957959167957	0.0102646245081281	0.008488827612049	0.00715290771702571	0.00612370849183311	0.00531569570220359	0.00467244849643011	0.00415659030592259	0.00374490442399872	0.00342877743834429	0.00323124230888118	0.00336808463298598
1.68929821907008	0.62528588530716	0.124811195423663	0.0695504949563489	0.0429854490123334	0.0290770996888298	0.0210055916303211	0.015914691582609	0.0124992824450295	0.0100976390171756	0.00834521876715508	0.00702802478873606	0.00601399170348795	0.00521837533125447	0.00458532281806467	0.00407785213220622	0.0036729812764403	0.00336211393706012	0.0031677078214958	0.0033010823606292
1.64749383748706	0.628734846698484	0.124250278619393	0.0690699517214279	0.0425847376007091	0.0287500893946694	0.0207383439991393	0.0156939158813479	0.0123144771221185	0.00994089781113851	0.00821063166052135	0.00691114251107723	0.00591142048247814	0.00512748242745012	0.00450402099897223	0.0040044326860065	0.00360596175665213	0.00330003350059707	0.0031085751868803	0.00323875994093756
1.6082135748042	0.632017398997661	0.123703418363204	0.0686076081332546	0.0422020086504462	0.028439222443191	0.0204851661220762	0.0154853252079864	0.0121402481941249	0.00979338817992502	0.00808415783654935	0.0068014427111314	0.00581525445161604	0.00504234346303465	0.00442792674439401	0.00393576424635687	0.00354331841014851	0.00324203970927922	0.00305336449869616	0.00318060363692418
1.57121515159605	0.635147589978164	0.123170147814228	0.0681622550426766	0.0418358732602805	0.0281431561420442	0.0202448297514549	0.0152878174576197	0.0119756123864901	0.00965423272639248	0.00796501207588205	0.00669821963423938	0.00572485608413973	0.00496237936805227	0.0043565109143494	0.00387135997323478	0.00348459942638654	0.00318770776793089	0.00300166548707345	0.00312617470936169
1.53628777601273	0.638137798060373	0.122649993771537	0.0677327955138871	0.0414850927696653	0.0278607026512799	0.0200162540559578	0.01510042666796	0.0118197106320568	0.00952266690283286	0.0078525116723954	0.00660086083284325	0.00563967305392648	0.00488708918722529	0.00428931633451702	0.00381079972055331	0.0034294152928765	0.00313667180151479	0.00295312510436995	0.00307509597422823
1.50324704396691	0.640998984797192	0.122142484784272	0.0673182318035349	0.0411485581047599	0.0275908064095313	0.0197984833765226	0.0149223019681508	0.0116717884998028	0.0093980209562455	0.00774605982280527	0.0065088318841509	0.00555922415087844	0.00481603706190651	0.00422594571718654	0.0037537187706917	0.00337742821190104	0.00308861479316601	0.00290743770472392	0.00302704118257777
1.47193081830508	0.643740901493947	0.121647156758554	0.0669176540984559	0.0408252725340499	0.0273325254997945	0.0195906689856153	0.014752690397874	0.0115311802809855	0.00927970529238554	0.00764513219633049	0.00642166406114364	0.00548308794035396	0.00474884176637226	0.00416605196727266	0.00369979880601241	0.00332834362950744	0.00304326053989922	0.00286433720164156	0.00298172654980422
1.44219587152568	0.646372259601449	0.121163556763638	0.0665302307517826	0.0405143371822555	0.0270850161604921	0.0193920540197542	0.0145909227788674	0.0113972959486058	0.00916719851711322	0.00754926598800579	0.00633894430479898	0.00541089355636327	0.00468516822676331	0.00410933033657507	0.003648760611325	0.00328190339674443	0.00300036716550821	0.00282359075035412	0.00293890393960399
1.41391512968702	0.648900872237987	0.12069124553858	0.0661551997963571	0.0402149387914675	0.0268475198279491	0.0192019609486944	0.0144364020149374	0.0112696103944598	0.00906003759353918	0.00745805092973129	0.00626030700623512	0.00534231316973156	0.00462472059369406	0.00405551202415568	0.00360035812880484	0.00323788020461192	0.00295972184717795	0.00278499361727425	0.0028983553346115
1.38697539383941	0.651333772510892	0.120229799059974	0.0657918615484452	0.0399263393253225	0.0266193522315168	0.0190197810883992	0.0142885933398047	0.0111476544865796	0.00895780968537841	0.00737112185776324	0.00618542722475436	0.00527705578264679	0.00456723654318339	0.00400435891833922	0.00355437357918673	0.00319607302199745	0.00292113649677009	0.00274836498219716	0.00285988831684883
1.36127544385407	0.653677313050486	0.119778809431794	0.0654395721438699	0.0396478670941544	0.0263998941647729	0.0188449657727782	0.0141470161390747	0.011031007592892	0.00886014535471999	0.00728815252748357	0.00611401505426067	0.00521486208213631	0.00451248255670283	0.00395565924746035	0.00351061343066547	0.00315630333009505	0.00288444419942455	0.00271354447967679	0.00282333234755178
1.33672445079921	0.655937250220525	0.11933788528743	0.0650977378733244	0.0393789091426928	0.0261885836342518	0.0186770188809271	0.0140112370532973	0.0109192912943382	0.00876671285568033	0.00720885043512873	0.00604581091501537	0.00515550014538088	0.00446024998769503	0.00390922395959341	0.00346890504700533	0.00311841199429945	0.00284949625768252	0.00268038933085435	0.00278853568487805
1.31324064004157	0.658118815746695	0.118906651842938	0.0647658102043434	0.0391189046915678	0.0259849091472591	0.0185154904791408	0.0138808641305006	0.010812164069437	0.00867721332082841	0.00713295245810775	0.00598058159625463	0.00509876183514561	0.00441035176435323	0.00386488369129349	0.00342909388382366	0.0030822566500629	0.00281615972334516	0.00264877195045403	0.00275536281444945
1.29075015943837	0.660226777949398	0.118484750703589	0.0644432813947882	0.0388673394629634	0.0257884039470066	0.0183599713852257	0.0137555418437699	0.0107093167772332	0.00859137667957921	0.00706022116510454	0.00591811691210137	0.00504445975802885	0.0043626196105986	0.00382248621547813	0.00339104113031441	0.00304770950598253	0.00278431532491412	0.00261857793883523	0.00272369229508894
1.26918611633307	0.662265494336715	0.118071839498774	0.0641296806172421	0.0386237407517146	0.025598641039836	0.01821008850017	0.0136349468259824	0.0106104688002875	0.0085089581803258	0.00699044167755327	0.00585822686150109	0.0049924246845764	0.00431690169175847	0.00378189428154956	0.00335462171524853	0.00301465548777668	0.00275385571795503	0.00258970438811845	0.00269341494291492
1.24848775429936	0.664238956977148	0.117667591400621	0.0638245705258889	0.0383876731278183	0.0254152288881014	0.0180655007816471	0.0135187842023365	0.0105153647363718	0.00842973541336137	0.00692341898761283	0.00580073920478461	0.00494250335063952	0.00427306061037909	0.00374298377853611	0.00331972261266983	0.00298299066246483	0.002724684000679	0.00256205844605992	0.00266443229288029
1.22859974621442	0.666150831807182	0.117271694567012	0.0635275442076482	0.0381587346761214	0.0252378076651468	0.0179258957570429	0.0134067844237394	0.0104237715487058	0.00835350575141131	0.00685897565613349	0.005745497386498	0.00489455657516703	0.00423097169230827	0.00370564216574288	0.00328624139555103	0.00295262089418326	0.00269671244859975	0.0025355560926738	0.00263665528913301
1.20947158466797	0.668004492818915	0.116883851538973	0.0632382224678943	0.037936553694917	0.0250660459870746	0.0177909864921513	0.0132987005218699	0.0103354761012843	0.00828008414016286	0.00679694982854398	0.00569235874750719	0.00484845764200809	0.00419052151468423	0.00366976712611647	0.00325408499570227	0.0029234606925172	0.00266986143113191	0.00251012109341461	0.00261000316513185
1.19105705421309	0.669803051905724	0.116503778614309	0.0629562514082775	0.0377207857881319	0.0248996380506876	0.0176605089464326	0.0131943057208845	0.0102502830191217	0.00820930118352155	0.00673719351800833	0.00564119297994349	0.00480409090307236	0.00415160663652803	0.00363526540595871	0.00322316863610599	0.0028954322216506	0.00264405848006359	0.00248568409964199	0.00258440248193641
1.17331377274914	0.671549385009562	0.116131205213449	0.0626813002602209	0.0375111112963577	0.0247383011188495	0.0175342196575986	0.0130933913520695	0.0101680128238592	0.0081410014781692	0.00667957111429711	0.00559188078695088	0.00476135056795093	0.00411413249982035	0.00360205181130201	0.00319341490808859	0.00286846444449995	0.0026192374854191	0.00246218187254367	0.00255978629899276
1.15620279155672	0.673246155105045	0.115765873248939	0.0624130594427738	0.0373072330206338	0.0245817733041609	0.0174118937078901	0.0129957650268925	0.010088500303719	0.00807504215990012	0.00662395808410328	0.00554431271591044	0.00472013965129692	0.00407801247467568	0.00357004833658065	0.00316475297070483	0.00284249238066552	0.00259533799866476	0.0024395566110235	0.00253609345642032
1.13968824529998	0.674895832467385	0.11540753650674	0.0621512388178276	0.0371088742000245	0.0244298116097256	0.0172933229322234	0.0129012490313164	0.0100115930836928	0.00801129163058923	0.00657023983440329	0.00549838813921901	0.00468036905424308	0.00404316702682666	0.00353918340549864	0.00313711785368827	0.00281745646076749	0.00257230462675954	0.00241775536752294	0.00251326795154609
1.12373704476569	0.676500712599313	0.11505596004494	0.0618955661193647	0.0369157767099316	0.0242821901922571	0.017178314334764	0.0128096789102839	0.00993715036747154	0.00794962843982058	0.00651831071521925	0.00545401436106871	0.00464195676015495	0.0040095229893433	0.00350939120743473	0.0031104498485248	0.00279330196274027	0.0025500865034062	0.00239672953852584	0.00249125839543554
1.10831860629194	0.678062932133149	0.11471091961368	0.0616457855365277	0.0367276994529875	0.0241386988181106	0.0170666886857324	0.012720902216229	0.0098650418272048	0.00788994029942523	0.00646807314201016	0.005411105832227	0.00460482712828473	0.00397701292352358	0.0034806111155126	0.00308469397480036	0.00276997851809038	0.00252863682616579	0.00237643441874423	0.00247001753759503
1.09340461280764	0.679584482975547	0.114372201098671	0.0614016564329537	0.036544416918462	0.0239991414872524	0.0169582792745766	0.0126347773995433	0.00979514662095134	0.00783212321263609	0.00641943682108842	0.00536958345772025	0.00456891027155662	0.00394557455634706	0.00345278717473564	0.0030597995110859	0.00274743967810143	0.00250791244997451	0.00235682880980835	0.00244950184898881
1.07896880220011	0.681067224922152	0.114039599989656	0.0611629521870877	0.0363657178895463	0.023863335203859	0.0168529307992311	0.0125511728222942	0.00972735252078472	0.00777608070241506	0.00637231806406248	0.00532937398470755	0.00453414150690078	0.00391515028389521	0.00342586765044444	0.0030357195813496	0.00272564253158636	0.00248787352913339	0.00233787467577454	0.00242967115511975
1.0649867793848	0.682512896935919	0.113712920874436	0.060929459140134	0.0361914042807536	0.0237311088753128	0.0167504983741702	0.012469965879284	0.00966155513709439	0.00772172312586292	0.00632663917945745	0.00529040945979731	0.00450046086835399	0.00388568673179746	0.00339980462888359	0.00301241078930529	0.00270454736711465	0.00246848320109853	0.00231953683898654	0.00241048831223849
1.0514358489967	0.683923127254862	0.113391976958492	0.0607009756399751	0.0360212900901128	0.0236023023239429	0.0166508466424609	0.0123910422128708	0.00959765722676251	0.00766896706357791	0.00628232793144902	0.00525262674668762	0.00446781267463546	0.00385713436513084	0.00337455366292731	0.0029898328942777	0.00268411737373726	0.0024497073064357	0.00230178271083267	0.00239191892082944
1.0382948660764	0.685299442471549	0.113076589609868	0.0604773111708243	0.0358552004528851	0.023476765398032	0.0165538489791127	0.0123142950099194	0.00953556807468571	0.00761773477446005	0.00623931705713125	0.00521596709636551	0.00443614514414415	0.00382944714133704	0.00335007345706025	0.00296794852313549	0.00266431837513859	0.00243151414016087	0.00228458205277411	0.0023739310714175
1.02554410250336	0.6866432757069	0.112766587928676	0.0602582855596202	0.0356929707852878	0.0233543571704424	0.0164593867747857	0.0122396243708916	0.00947520293960972	0.00756795370782278	0.00619754383498027	0.0051803757632309	0.00440541005135685	0.0038025822006675	0.00332632558658199	0.00294672291365101	0.00264511859289933	0.00241387423040098	0.00226790676371147	0.00235649511848337
8.05463621544167	0.412732573334876	0.102133068852866	0.0736861385086672	0.0563784463840915	0.0452979516288901	0.0378575350131088	0.0325684876083947	0.0286231789929197	0.0255751590067859	0.0231604780458195	0.0212136705727567	0.0196276993202483	0.0183336883868034	0.0172913206574011	0.0164873193537664	0.015946002012294	0.0157815084240869	0.016467101452734	0.0208386724434898
5.78022308044593	0.490908798235628	0.104591822910038	0.0732821154828516	0.0538934172649433	0.0415997973029066	0.0334958527914087	0.0278449892916061	0.0237039494702698	0.0205554525084866	0.0180957655294478	0.0161349463526187	0.0145493679820381	0.013257241406324	0.0122058468533729	0.0113663988690766	0.0107376726372097	0.0103751635038279	0.0105463245478665	0.0128550770600783
