5.65793650793651	0.353485762379015	0.176742881189508	0.117828587459672	0.0883714405947538	0.0706971524758031	0.0589142937298359	0.050497966054145	0.0441857202973769	0.0392761958198906
3.58466930316041	0.435956693331339	0.187025436048515	0.111190740575346	0.0760302600627885	0.0562704157572515	0.0438391922316695	0.0354109161837735	0.0293826066076011	0.0248937392017158
2.86095748175192	0.474987314137366	0.188174901823454	0.105869059616067	0.0694342082064958	0.0497130965341386	0.037690194763006	0.0297549774962667	0.0242104166838443	0.0201658307393617
2.44245502969266	0.50123948466439	0.187591112078404	0.101647275271568	0.0648756710154472	0.0454925897764165	0.0339254500206899	0.0264247195704261	0.0212612589676717	0.017542438634987
2.15847462589033	0.521006825530088	0.186429185756505	0.0981739168623087	0.0614198779913025	0.0424359579143304	0.0312859249117569	0.024147832325915	0.0192856856811483	0.0158147930266458
1.94882124939511	0.536813790380093	0.185053529167416	0.0952358114475614	0.058659126730335	0.0400737940674577	0.0292936382219288	0.0224601311086922	0.0178424604862349	0.0145677183902806
1.78562639772188	0.549944147368683	0.183609497541455	0.0926981657454945	0.0563760766574344	0.0381700197627559	0.0277169872779022	0.0211429525359948	0.0167284359070509	0.0136137172032287
1.65386091998257	0.561143746373098	0.182162146059663	0.0904708779433984	0.0544406977514886	0.0365894351703619	0.0264270799471011	0.0200772161786203	0.0158348981679461	0.0128539024083232
1.54457011092433	0.570885348345213	0.180742141163	0.0884908621821942	0.0527689792867029	0.0352476707712357	0.0253453188167457	0.019191564184879	0.0150976053595218	0.0122305098905075
1.45202676890211	0.579487768907352	0.179363914954606	0.0867122674040147	0.0513035428502171	0.0340887290519699	0.0244205298480051	0.018440204011135	0.0144758034483644	0.0117072395243357
1.37236777312375	0.587176253550397	0.17803373769641	0.0851007425594744	0.0500035070147519	0.0330736668569623	0.0236177012065398	0.0177921880161859	0.0139422159459484	0.0112599871533301
1.30287688519479	0.594115833774214	0.176753616328577	0.0836299003127694	0.0488387549124061	0.0321743881135423	0.0229119278864614	0.0172257340415152	0.0134778036998665	0.0108720409306487
1.24157945367943	0.600431012962335	0.175523293608974	0.0822790415690119	0.0477864897081506	0.0313700109764493	0.022284928007185	0.0167249998635625	0.0130688193035559	0.0105314040007756
1.18700001195886	0.606218007475857	0.174341319091819	0.0810316377054907	0.0468290625626427	0.0306446290592315	0.0217229281014801	0.0162781472406936	0.0127050550264544	0.0102292137363312
1.13801045890972	0.611552688698917	0.173205640845481	0.0798742867596603	0.045952547884518	0.0299858724250507	0.0212153219660346	0.0158761264184191	0.0123787514959586	0.00995876350596125
1.09373126173487	0.616495920844929	0.17211393878446	0.0787959764573768	0.0451457774738255	0.029383949595913	0.0207537885143598	0.0155118838044584	0.012083891353951	0.009714873170727
1.0534650506249	0.621097256954453	0.171063813909249	0.0777875518857625	0.0443996671916683	0.0288309905377545	0.0203316933401966	0.0151798288218573	0.0118157269928644	0.00949347036619516
1.01665073212521	0.625397564222142	0.170052895077817	0.0768413232364156	0.0437067361319984	0.0283205844015846	0.0199436718358421	0.0148754652454494	0.0115704558752166	0.00929130397353418
0.982831011125279	0.629430930515172	0.169078897674555	0.0759507716293636	0.0430607559964613	0.0278474469873917	0.0195853320170873	0.0145951301693039	0.0113449918509365	0.00910574315972818
0.951628915430416	0.633226075963943	0.168139653879249	0.0751103250143209	0.042456490667349	0.0274071768189617	0.0192530383563474	0.0143358053051605	0.0111368006366959	0.00893463335797324
0.922730509896391	0.636807416135891	0.167233126088303	0.0743151850489912	0.0418894995954526	0.0269960731036528	0.0189437517044904	0.0140949780411629	0.0109437792148402	0.00877619106721546
0.895871956435287	0.640195875071624	0.16635741038288	0.073561191662504	0.0413559871889903	0.0266109977700342	0.0186549088432346	0.0138705374513784	0.0107641659382502	0.0086289256911046
0.870829683073923	0.643409515570753	0.165510734213642	0.072844715885645	0.0408526859215872	0.0262492694563934	0.0183843305511002	0.0136606953133679	0.0105964725119779	0.00849158057553349
0.847412814940127	0.646464033847263	0.164691450845804	0.0721625741645266	0.0403767645311841	0.0259085810281542	0.0181301505210996	0.0134639253200441	0.0104394318277453	0.00836308791417846
0.825457276023365	0.649373152087853	0.163898032121795	0.0715119591992393	0.0399257551454775	0.0255869346713292	0.0178907597531781	0.0132789157292565	0.0102919574634484	0.00824253382842264
0.804821142157339	0.652148933160815	0.163129060492567	0.0708903836336806	0.0394974948618544	0.0252825902866804	0.0176647625855279	0.0131045320746537	0.0101531118863467	0.00812913101787465
0.785380942857226	0.654802035264078	0.162383220892166	0.0702956338406954	0.0390900784920566	0.0249940240691636	0.0174509415872027	0.0129397875043061	0.0100220812333257	0.00802219711700625
0.767028691025324	0.657341919736119	0.161659292794873	0.0697257317115949	0.0387018200205142	0.0247198949721264	0.0172482292731887	0.0127838189686383	0.00989815511934094	0.00792113740360462
0.749669476930297	0.659777021979714	0.160956142646693	0.0691789028468887	0.0383312209286976	0.024459017336658	0.0170556851265184	0.0126358679412758	0.00978071033122609	0.00782543086232783
0.733219503913178	0.662114893069114	0.160272716770602	0.0686535499070518	0.0379769439776056	0.0242103383862195	0.0168724767880171	0.0124952646869146	0.00966919755355398	0.00773461886092159
0.717604473015613	0.664362317860407	0.159608034787471	0.0681482301537027	0.0376377913648621	0.0239729195937226	0.0166978645478229	0.0123614153297992	0.0095631304823523	0.00764829587986013
0.70275824553653	0.666525414121693	0.158961183559471	0.0676616364173294	0.0373126864147797	0.023745921155413	0.0165311884741696	0.0122337911519904	0.00946207683535484	0.00756610186979935
0.688621728696484	0.668609716219576	0.158331311641703	0.0671925808850686	0.037000658141986	0.023528588975812	0.0163718576647571	0.012111919680793	0.00936565088049968	0.00748771590980445
0.675141941706333	0.670620246153913	0.157717624215992	0.0667399812234527	0.0367008281678286	0.0233202436962872	0.0162193412186585	0.0119953772222391	0.00927350718882737	0.00741285091280172
0.662271228703491	0.672561574162016	0.157119378474606	0.0663028486454739	0.0364123995751559	0.0231202713976357	0.0160731606121743	0.0118837825712745	0.00918533538163391	0.00734124918003058
0.649966592016172	0.674437870672212	0.156535879419207	0.0658802776053313	0.036134647369398	0.0229281156822634	0.0159328832274698	0.0117767916855819	0.00910085569022682	0.00727267864830993
0.638189124602399	0.676252951042697	0.155966476040099	0.0654714368626547	0.0358669102780769	0.0227432708998361	0.0157981168333312	0.0116740931532896	0.00901981518386554	0.00720692970615043
0.626903524689944	0.678010314251537	0.155410557841913	0.0650755617044423	0.0356085836713232	0.0225652763258004	0.0156685048566593	0.0115754043184068	0.00894198455028277	0.00714381247963514
0.616077678910395	0.679713176490031	0.154867551683796	0.0646919471500922	0.0353591134258865	0.022393711137984	0.0155437223141031	0.011480467954084	0.00886715533565388	0.00708315450836906
0.605682302792474	0.681364500441606	0.154336918904339	0.0643199419948037	0.0351179905869052	0.022228190064844	0.015423472297528	0.0113890493944546	0.00879513756852815	0.00702479874699177
0.595690629517791	0.68296702089212	0.153818152703963	0.0639589435708152	0.0348847467071647	0.0220683596015327	0.0153074829262972	0.0113009340521785	0.00872575770618696	0.00696860183974193
0.586078139467428	0.684523267207655	0.153310775759839	0.0636083931256329	0.034658949764094	0.0219138947080739	0.0151955046947638	0.0112159252618553	0.0086588568529948	0.0069144326250916
0.576822324391469	0.686035583126843	0.152814338050746	0.0632677717325047	0.0344402005713787	0.0217644959185557	0.0150873081557592	0.011133842399934	0.0085942892091937	0.00686217083508496
0.567902481085232	0.687506144242253	0.15232841487147	0.062936596661631	0.0342281296156154	0.0216198868020937	0.0149826818908735	0.0110545192401801	0.00853192071574395	0.00681170596013964
0.559299530308886	0.688936973485935	0.151852605018349	0.06261441815153	0.0340223942595241	0.0214798117259762	0.0148814307264644	0.0109778025106007	0.00847162786660276	0.00676293625501772
0.550995857382379	0.690329954885346	0.151386529129448	0.0623008165290383	0.0338226762623567	0.0213440338793079	0.0147833741609675	0.0109035506232984	0.00841329666454161	0.00671576786569564
0.542975171457052	0.691686845815444	0.150929828164494	0.0619953996339819	0.0336286795756792	0.0212123335219781	0.0146883449745367	0.0108316325532877	0.0083568217004529	0.00667011406014539
0.535222380933909	0.693009287939174	0.150482162011264	0.0616978005108608	0.0334401283789622	0.0210845064291545	0.0145961879965322	0.0107619268460601	0.00830210533925844	0.00662589454873366
0.527723482885793	0.694298817000572	0.150043208206456	0.0614076753351952	0.0332567653246269	0.0209603625059683	0.0145067590100921	0.0106943207367824	0.00824905699814102	0.00658303488216553
0.520465464662181	0.695556871611289	0.149612660760314	0.0611247015466468	0.0330783499665549	0.0208397245507734	0.0144199237761151	0.0106287093665885	0.00819759250498165	0.00654146591673662
0.513436216123127	0.696784801151617	0.149190229075373	0.0608485761648045	0.032904657349736	0.020722427148478	0.0143355571615604	0.0105649950835633	0.00814763352668292	0.00650112333818493
5.80821509693681	0.38716316104603	0.163252124158097	0.109849792050332	0.0827373212645393	0.0665625722609189	0.0559349668800865	0.0486101758385377	0.0437034206456358	0.0421864658558231
3.97839387604725	0.458988506768033	0.16824246323353	0.104215310450034	0.0730917126602171	0.0552736003819495	0.0439622409015544	0.0363411611939649	0.0311790197220167	0.0287059846886997
3.25169075715828	0.495266584099465	0.168053676320194	0.0998473395237078	0.0676226765388008	0.0496637921693008	0.0385229957262373	0.0311528427425579	0.0262034828330139	0.0236666100467228
2.81403251369332	0.520106757572029	0.166872048158974	0.096353498956167	0.0637389020837128	0.0459216440065021	0.035054232834948	0.0279622512901732	0.0232384943307995	0.0207521707666941
2.51003520455711	0.538987548310485	0.165400991054819	0.0934529561875402	0.0607390987084161	0.0431479371528591	0.0325596804200086	0.0257230727454873	0.0212007258658964	0.0187879895544887
2.28200067756605	0.55417540359976	0.163858785100386	0.0909796583342408	0.058308207287417	0.0409676573540046	0.030642459529435	0.0240330051897398	0.0196861458567617	0.0173486777482547
2.10238023375689	0.566843442288666	0.162328087927849	0.0888285070118528	0.0562747014696694	0.0391869316380634	0.0291041313863334	0.0226960727558083	0.0185022782061083	0.0162358473156495
1.95599385995024	0.577681373990802	0.16084248274533	0.0869288528196201	0.0545342493287418	0.0376923932878952	0.0278316605052631	0.0216029139702884	0.0175435795094002	0.0153424938426589
1.83364846016148	0.587130179285506	0.159415145318393	0.0852309083569229	0.0530185174954651	0.0364121034357138	0.0267548410815962	0.0206867415123473	0.0167465103029365	0.0146050532111196
1.72938775704676	0.59548922638956	0.158050064288531	0.0836982576434068	0.0516802907245745	0.0352976445380082	0.0258272687994633	0.0199040344614513	0.0160701607730578	0.0139830523819464
1.63915110803856	0.602971142509236	0.156746933218554	0.0823034554940215	0.0504855883900908	0.034314941407226	0.0250167895478863	0.0192250036377766	0.0154868157593055	0.0134493300359041
1.56005763853355	0.609732387964013	0.155503444384663	0.0810253030956559	0.0494091541174955	0.0334391539460125	0.024300280323269	0.0186284546270076	0.0149769322054723	0.0129848893364114
1.48999677579178	0.615891425012795	0.154316417195834	0.0798470867972134	0.0484317180123901	0.0326516506644109	0.0236606051566068	0.0180988285260052	0.0145262761014477	0.0125759925332973
1.42738082442396	0.62154008050017	0.153182368808793	0.0787553977516573	0.0475382546291058	0.031938123076701	0.0230847450785205	0.0176244039399944	0.0141241990663089	0.0122124271487495
1.37098861958831	0.626750953773881	0.152097804606882	0.07773931635204	0.0467168309422317	0.0312873618248193	0.0225625995883114	0.0171961559624674	0.0137625537434943	0.0118864232058725
1.31986298823487	0.631582416267521	0.151059363048519	0.0767898338250478	0.0459578195629141	0.0306904347271198	0.0220861908750061	0.016807005333395	0.0134349854315611	0.011591950928916
1.27324135103929	0.636082085849051	0.150063883086923	0.0758994326539557	0.0452533465097019	0.0301401185543725	0.0216491193885277	0.0164513089270162	0.0131364546665373	0.0113242503639147
1.23050746991618	0.640289302555653	0.149108429999574	0.0750617761541389	0.0445968943830902	0.029630496319506	0.0212461816620816	0.0161245047488256	0.0128629066510624	0.0110795075260677
1.19115710386874	0.644236931540835	0.148190298978647	0.0742714747779988	0.0439830113123461	0.0291566656318925	0.0208730959631056	0.0158228588429854	0.012611036927735	0.0108546260244551
1.15477305798104	0.647952701333856	0.147307007135345	0.0735239074464313	0.0434070936045541	0.0287145234374009	0.0205263014446558	0.0155432811823844	0.0123781218197377	0.0106470625956348
1.12100672517434	0.651460214055493	0.146456279849862	0.0728150830511798	0.0428652208223419	0.0283006044442267	0.0202028085276005	0.0152831893295193	0.0121618934807961	0.0104547064389812
1.08956420915396	0.654779719529048	0.145636034777608	0.0721415317544002	0.0423540288481208	0.0279119580126349	0.0199000857047311	0.0150404058546465	0.0119604463099689	0.0102757892088419
1.06019573961506	0.657928716499602	0.144844365342145	0.0715002187105808	0.0418706109264617	0.0275460530800918	0.0196159727002346	0.0148130800433305	0.0117721658286195	0.0101088168689341
1.03268749271539	0.660922425272691	0.1440795246995	0.0708884748823875	0.0414124396198179	0.0272007038387462	0.019348613005678	0.014599627367095	0.0115956739121734	0.00995251740191072
1.00685519512964	0.663774163378783	0.143339910672706	0.0703039410436514	0.040977304607127	0.0268740109902947	0.0190964008677845	0.014398682136569	0.0114297861092575	0.0098058001938266
0.982539068666367	0.666495647165436	0.142624051876686	0.0697445220664692	0.0405632626310023	0.0265643148431503	0.0188579391966157	0.0142090600691349	0.0112734780165099	0.00966772413499567
0.959599794953686	0.66909723615075	0.141930595095701	0.0692083493086661	0.0401685968647517	0.026270157517417	0.0186320058246534	0.0140297284046189	0.0111258585224169	0.00953747231102536
0.937915265125028	0.671588132674127	0.141258293888382	0.0686937494403307	0.0397917836582274	0.0259902522294713	0.0184175262220496	0.0138597818319259	0.0109861483211027	0.00941433173438348
0.917377939902489	0.673976546292336	0.140605998349896	0.068199218432405	0.0394314651182562	0.0257234581337338	0.0182135512536669	0.0136984229354995	0.0108536625117609	0.00929767697244584
0.897892688872751	0.67626983012054	0.139972645939616	0.0677233997162197	0.0390864263427847	0.0254687595662081	0.0180192389101296	0.0135449461908647	0.0107277963962968	0.00918695681734008
0.879375009298251	0.678474594660737	0.139357253275652	0.0672650657378748	0.0387555763968485	0.0252252488039257	0.0178338391983176	0.013398724771601	0.0106080138029944	0.00908168335204868
0.861749548012519	0.680596803424786	0.138758908798456	0.0668231022946644	0.0384379323197386	0.0249921116546586	0.0176566815638655	0.0132591996016634	0.0104938374219394	0.0089814229202274
0.844948867206974	0.682641853728665	0.138176766210897	0.0663964951659239	0.0381326056048771	0.024768615341557	0.0174871643580037	0.0131258702146376	0.0103848407550706	0.00888578862036755
0.828912407882983	0.684614645326853	0.137610038609357	0.0659843186474664	0.0378387907099991	0.0245540982612776	0.0173247459665255	0.0129982870774824	0.0102806413715216	0.00879443402951759
0.813585614577866	0.686519639012432	0.137057993228426	0.0655857256742195	0.0375557552445919	0.0243479612812962	0.0171689372989559	0.012876045109125	0.0101808952253363	0.00870704792561774
0.798919192499745	0.688360906887979	0.136519946729751	0.065199939274923	0.037282831550898	0.0241496603093009	0.0170192953976629	0.0127587781800194	0.0100852918433492	0.00862334982611689
0.78486847401374	0.69014217568416	0.13599526097324	0.0648262451496184	0.037019409449027	0.0239586999198169	0.0168754179744048	0.0126461544217977	0.00999355023005503	0.00854308619788006
0.771392875938504	0.691866864244951	0.135483339215906	0.0644639851979843	0.0367649299594543	0.0237746278641474	0.016736938719062	0.0125378722096117	0.00990541536658246	0.00846602722230156
0.758455432650539	0.693538116094214	0.134983622690015	0.0641125518564773	0.0365188798500774	0.023597030322005	0.016603523254582	0.0124336567059834	0.00982065520455898	0.00839196402208636
0.746022392785093	0.695158827835587	0.134495587517977	0.063771383126353	0.0362807868820605	0.0234255277788538	0.0164748656353345	0.0123332568756714	0.00973905807428969	0.00832070627387386
0.734062869538898	0.696731674007111	0.134018741926469	0.0634399581941875	0.0360502156504283	0.0232597714334757	0.0163506853045169	0.0122364428974889	0.00966043044143844	0.00825208014488435
0.722548536350965	0.698259128906788	0.133552623726827	0.0631177935624561	0.0358267639329281	0.0230994400567457	0.0162307244410339	0.0121430039121363	0.00958459495817142	0.0081859265029143
0.71145336116083	0.699743485819784	0.133096798032647	0.0628044396207774	0.035610059474936	0.0229442372359226	0.0161147456381789	0.0120527460556592	0.00951138876416503	0.00812209935792979
0.700753373593846	0.701186874008422	0.132650855189037	0.0624994775991793	0.0353997571498278	0.0227938889495828	0.0160025298660937	0.0119654907366713	0.00944066200049427	0.00806046450069115
0.690426460357498	0.702591273768956	0.132214408890968	0.0622025168536312	0.0351955364437845	0.0226481414271672	0.0158938746778386	0.0118810731224046	0.0093722765055926	0.00800089830965737
0.680452184895677	0.703958529812134	0.131787094470856	0.0619131924414675	0.0349970992218779	0.0225067592543698	0.0157885926253331	0.0117993408043058	0.00930610466750515	0.00794328670214998
0.670811627973772	0.705290363185674	0.131368567337803	0.0616311629504891	0.0348041677387999	0.0223695236915805	0.0156865098567142	0.0117201526185373	0.00924202841077808	0.00788752420962452
0.661487246383299	0.706588381924403	0.130958501552961	0.0613561085506836	0.0346164828630231	0.0222362311775498	0.0155874648710248	0.011643377600563	0.00917993829971604	0.00783351316007531
0.652462747381785	0.707854090586908	0.130556588527288	0.0610877292418455	0.0344338024877023	0.0221066919945682	0.0154913074097634	0.0115688940561637	0.00911973274254051	0.00778116295322079
0.64372297683856	0.709088898814885	0.130162535829466	0.0608257432740311	0.0342559001054259	0.0219807290748935	0.0153978974678457	0.0114965887338579	0.00906131728330599	0.00773038941628917
0.635253819353252	0.710294129032431	0.129776066093184	0.060569885720886	0.0340825635271148	0.0218581769310448	0.0153071044090452	0.0114263560858958	0.00900460397036652	0.00768111423003115
5.96985711954595	0.422311868308695	0.148276839292495	0.101947151336884	0.0772411871945004	0.0624979619397037	0.0529639091025495	0.0466588017081378	0.043069220870703	0.0450330602463323
4.09270393119442	0.496624501127833	0.149196208268834	0.0959107512362973	0.068103200877742	0.0519846880644753	0.0417837421323173	0.0350375976060417	0.0308272755428378	0.0305320351436218
3.34510017102277	0.533324919865076	0.147192800205996	0.0916180976694901	0.0630423920863385	0.0468142120715687	0.0367275324366205	0.0301330712400181	0.0259759682452954	0.0251710061795962
2.89432226451057	0.558143890350635	0.144922514033875	0.0882869725653813	0.0594844536094433	0.0433778494630424	0.0335050474107254	0.027114850213231	0.0230835575580478	0.022080864795619
2.58101754825659	0.576842496301956	0.142725961263776	0.0855685638854813	0.0567520303437388	0.0408348927885037	0.0311867136914354	0.0249941295125032	0.0210937759275551	0.0200014362850504
2.34592106657443	0.591780870784721	0.140672151070449	0.0832766941776023	0.0545458061350571	0.0388372789981321	0.0294035587144312	0.0233914265735177	0.0196133466671169	0.0184788668789717
2.16070434507649	0.604171260016807	0.138768014355639	0.081299447188559	0.0527046671998261	0.0372059439109775	0.0279714773520115	0.0221220135578081	0.0184550210670098	0.0173021553513617
2.00974463066513	0.614721830574772	0.137003798814725	0.0795639973136166	0.0511314325695028	0.0358365408020838	0.0267857267252327	0.0210828225231228	0.0175161282215678	0.0163577224553765
1.88357461848976	0.623882883974816	0.135365813008667	0.0780201857071256	0.0497628611956477	0.0346630211664115	0.0257812971815751	0.0202109008282466	0.0167348461024199	0.0155781908350911
1.77605728551873	0.631958648869816	0.133840398967845	0.0766319514244259	0.0485554787728706	0.0336410151626557	0.0249152345770594	0.0194652134045279	0.0160713576192979	0.0149207012015022
1.6830071034561	0.63916428201895	0.132415140871196	0.0753724823475824	0.0474781259368912	0.0327393403182612	0.0241577794606301	0.0188176607489872	0.0154986770519763	0.0143565112455256
1.60145365476936	0.645657496798603	0.131079129696429	0.0742212947085493	0.0465077217775121	0.0319352894951477	0.0234875303308125	0.0182482409250499	0.0149977672967047	0.0138655289711918
1.52922021430092	0.651557287525585	0.129822902320146	0.0731623850268467	0.0456267060048761	0.0312118447392966	0.0228886247433155	0.0177422627679479	0.0145547564625919	0.0134332304093937
1.46466899038348	0.656955598931412	0.128638279800234	0.0721830126220617	0.0448214188220157	0.0305559445720144	0.0223490085775217	0.0172886525997101	0.0141592622223179	0.0130488218527125
1.40654008252297	0.661924909793934	0.127518188369072	0.0712728702358439	0.0440810337283044	0.0299573610614819	0.0218593272261199	0.0168788795269867	0.0138033370865674	0.0127040929716904
1.35384582856857	0.666523335923689	0.126456493014148	0.0704235028164046	0.0433968311716556	0.0294079466308355	0.0214121895855749	0.0165062481041684	0.0134807793988991	0.0123926733546255
1.3057992787484	0.670798166558887	0.125447852561845	0.0696278902002848	0.0427616902735528	0.0289011139286136	0.0210016646029053	0.016165418228587	0.0131866688529441	0.0121095347923809
1.26176445137376	0.674788377783961	0.124487597066765	0.0688801410935597	0.0421697245606493	0.0284314675390523	0.0206229278926803	0.0158520705356613	0.0129170447906516	0.0118506487370194
1.22122091925735	0.678526458462427	0.123571625396671	0.0681752644861247	0.0416160154225859	0.0279945374691085	0.0202720080636244	0.0155626677774242	0.0126686780974824	0.0116127448245514
1.18373807692866	0.682039762445815	0.122696320106413	0.0675089960952089	0.0410964134855555	0.0275865825665997	0.0199456010003252	0.0152942811842955	0.012438906096594	0.0113931370191934
1.14895610092176	0.685351527103284	0.121858476730492	0.0668776646598613	0.0406073881832675	0.0272044430468461	0.0196409315057598	0.015044461838009	0.0122255108442263	0.0111895960882538
1.11657163351586	0.688481652196896	0.121055244953198	0.0662780875836971	0.0401459121735095	0.0268454281783824	0.019355648612739	0.0148111438593796	0.0120266279477339	0.0110002544944644
1.08632686156595	0.691447303617914	0.120284079513127	0.0657074885198629	0.0397093713693096	0.0265072295791485	0.0190877452584552	0.0145925704937365	0.011840677248036	0.0108235344004098
1.05800107611552	0.694263387120243	0.119542699076867	0.0651634315862965	0.0392954940826547	0.0261878534597134	0.0188354958713761	0.0143872369461983	0.011666309425624	0.0106580924310272
1.03140407184476	0.696942924185995	0.118829051644766	0.0646437683423258	0.0389022946233716	0.0258855670820079	0.0185974073187221	0.0141938456509522	0.0115023643782393	0.0105027767736196
1.00637092953547	0.699497353266625	0.118141285324891	0.0641465946689765	0.0385280279659835	0.0255988560205857	0.018372179950672	0.0140112708947779	0.0113478384199588	0.0103565934875298
0.982757851026412	0.701936773455183	0.117477723533816	0.063670215415211	0.0381711529867865	0.0253263897290558	0.0181586763664544	0.0138385305641582	0.0112018581733284	0.0102186797760069
0.960438804199781	0.704270143270175	0.116836843862209	0.0632131151920059	0.0378303024058079	0.0250669935602494	0.0179558961510849	0.0136747633781789	0.0110636595977557	0.010088282582533
0.939302797884704	0.706505444092867	0.116217259986959	0.0627739340762553	0.0375042580243092	0.0248196258509632	0.0177629552754184	0.0135192103896094	0.0109325710009073	0.00996474130271067
0.919251651316107	0.708649815518174	0.115617706126656	0.0623514472678107	0.0371919301815582	0.0245833590173866	0.0175790691724809	0.013371199838466	0.0108079991687643	0.00984747370870273
0.900198155324089	0.710709668199992	0.115037023629429	0.0619445479535116	0.036892340600759	0.0243573638534534	0.0174035387370456	0.0132301346620567	0.010689417959484	0.00973596440426837
0.882064546365638	0.712690778521874	0.114474149356099	0.0615522327912583	0.0366046079779863	0.0241408964071118	0.0172357386683468	0.0130954821272549	0.0105763588599516	0.0096297552901175
0.864781232313975	0.71459836848368	0.113928105581152	0.0611735895487043	0.0363279358068403	0.023933286946633	0.0170751077050074	0.0129667651711312	0.0104684031179655	0.00952843763888628
0.848285722298224	0.716437173480621	0.113397991182088	0.0608077865247457	0.0360616020373764	0.0237339306329746	0.0169211403987109	0.0128435551265851	0.010365175148495	0.0094316454684031
0.832521723033579	0.718211500103566	0.112882973926682	0.0604540634546767	0.0358049502492482	0.0235422795936563	0.0167733801473631	0.0127254655783065	0.010266336977149	0.00933904996935223
0.817438371848179	0.719925275666217	0.11238228369937	0.0601117236567759	0.0355573820820905	0.023357836154868	0.0166314132654905	0.0126121471469955	0.010171583533398	0.00925035479479475
0.80298958260605	0.721582090834825	0.111895206533887	0.0597801272229515	0.0353183507154747	0.0231801470361499	0.0164948639137698	0.0125032830403701	0.0100806386441282	0.00916529205844414
0.789133485386597	0.72318523647711	0.111421079340494	0.0594586850916865	0.0350873552295667	0.0230087983492825	0.0163633897440255	0.0123985852410842	0.00999325160762752	0.00908361891912299
0.77583194443311	0.724737735642187	0.110959285233651	0.0591468538699841	0.0348639357083706	0.0228434112724383	0.01623667814311	0.012297791226438	0.00990919425118205	0.00900511465263893
0.763050141763827	0.726242371420263	0.110509249380406	0.0588441312938992	0.0346476689719702	0.0226836382940083	0.0161144429805034	0.0122006611342986	0.00982825839363032	0.00892957813102119
0.750756216126971	0.727701711300237	0.110070435301807	0.0585500522357376	0.0344381648438676	0.0225291599391741	0.0159964217815321	0.012106975305172	0.00975025364862343	0.00885682564384896
0.738920948809216	0.729118128538095	0.109642341569604	0.0582641851810579	0.0342350628754058	0.0223796819073014	0.0158823732617766	0.0120165321427668	0.00967500551582049	0.00878668900817163
0.727517489276215	0.730493820963683	0.109224498848873	0.0579861291109033	0.0340380294621656	0.0222349325603544	0.0157720751692558	0.0119291462453619	0.00960235371646054	0.00871901392294244
0.716521114811208	0.731830827583969	0.108816467244204	0.0577155107347943	0.033846755297746	0.0220946607123836	0.0156653223899012	0.0118446467683481	0.00953215073718195	0.00865365853147206
0.705909019282374	0.733131043283985	0.108417833912997	0.0574519820283516	0.0336609531189723	0.0219586336781905	0.0155619252791035	0.0117628759848655	0.00946426055198611	0.00859049216154836
0.695660126957287	0.734396231879846	0.108028210914386	0.0571952180363264	0.0334803557036793	0.021826635545876	0.0154617081880671	0.0116836880168012	0.0093985574971537	0.00852939421786371
0.685754927929048	0.735628037739527	0.107647233266542	0.056944914907573	0.0333047140881059	0.0216984656434296	0.0153645081585982	0.0116069477128042	0.00933492527794437	0.00847025320547512
0.676175332251305	0.736827996154959	0.107274557188701	0.0567007881333087	0.0331337959758235	0.0215739371740238	0.0152701737639965	0.0115325296535905	0.00927325608922063	0.0084129658663773
0.666904540320229	0.737997542622223	0.106909858507314	0.0564625709640406	0.0329673843142037	0.0214528759984344	0.0151785640770723	0.0114603172678033	0.00921344983487205	0.00835743641403631
0.657926927407997	0.739138021164211	0.106552831208361	0.0562300129839431	0.0328052760178474	0.0213351195461361	0.0150895477491041	0.0113902020441871	0.0091554134331858	0.00830357585302472
0.649227940558124	0.740250691811259	0.106203186120071	0.0560028788243426	0.0326472808212738	0.0212205158392519	0.0150030021858867	0.0113220828279067	0.00909906019720116	0.00825130137280722
6.14317538669601	0.458608603938206	0.132282339207061	0.093951130136293	0.0718924249069174	0.0585200122801878	0.0500116739376473	0.0446547895351471	0.0423249579384869	0.0477540681200532
4.21399304243581	0.534762127177963	0.12956642671243	0.0876015408773384	0.0632955937913764	0.0487775122044431	0.0396193903655571	0.0337015505256004	0.0304162055168524	0.0322596528284398
3.44353738868459	0.571478332711962	0.126111671803386	0.0834038111675171	0.0586402817984181	0.0440354070941908	0.0349407183615525	0.0290867452719953	0.0257055317254224	0.0265975000655553
2.97850512162496	0.595988270393586	0.123043627813683	0.0802315659343203	0.0553974934571195	0.0408948060076423	0.0319604084839844	0.0262442264970075	0.0228947048173203	0.0233448965953366
2.65514294175615	0.614287067893258	0.120359622983669	0.0776814921746721	0.0529197930675248	0.0385741231724138	0.0298153007792707	0.0242443005946669	0.020958813516319	0.0211594858182055
2.41245084711026	0.628804389471443	0.117993123304861	0.0755527865144613	0.0509254963507474	0.0367520926259732	0.0281640099374519	0.0227307812123132	0.0195167800822787	0.0195605405004709
2.22123911121529	0.640777839137739	0.115884657551691	0.0737292947421359	0.0492645641461583	0.0352642119147776	0.0268365364164263	0.0215303845886501	0.0183872288111158	0.018325282691306
2.06539741921289	0.650925468475607	0.113987640691698	0.0721373227029414	0.0478471845708284	0.0340149335671829	0.0257362741713321	0.0205464348991403	0.0174707008480861	0.0173340400731834
1.93515739015101	0.659701220564355	0.112266192328037	0.0707270305188987	0.0466152510519016	0.0329439216087568	0.0248033025139111	0.0197198711655705	0.0167072902041544	0.0165159200444151
1.82418411242272	0.667410241699495	0.110692469631385	0.0694630809819472	0.0455290008306414	0.0320107143113313	0.0239980423401957	0.019012180563965	0.0160583977463344	0.0158258718947047
1.72815569811525	0.674267379346227	0.10924457198576	0.0683194875547258	0.0445600388942863	0.0311869126785943	0.0232930751306765	0.0183969782627859	0.0154978507160755	0.0152337054308685
1.6440042102317	0.680429495082373	0.10790502081365	0.0672765742512889	0.0436873947403843	0.0304518565987097	0.0226686817278452	0.0178554729157102	0.0150071761359406	0.0147183277340986
1.5694810518053	0.68601451645774	0.106659671696247	0.0663190828398568	0.0428951530647938	0.0297900734942202	0.0221102441772303	0.0173738547607176	0.0145729061808348	0.0142644973283589
1.50289412696067	0.691113266743099	0.105496931286514	0.0654349423190947	0.0421709591855935	0.0291896943313084	0.0216066513440793	0.0169417084673096	0.0141849556903214	0.0138608906326799
1.44294163539608	0.695797126685561	0.104407186593485	0.0646144399027394	0.0415050380101398	0.0286414285199363	0.0211492778247208	0.0165510056266843	0.0138356006698225	0.0134988961669107
1.38860300159239	0.700123173954756	0.103382383036045	0.0638496455106088	0.0408895283666478	0.0281378771491229	0.020731306326035	0.0161954414886912	0.0135188108114714	0.013171833356622
1.33906501746464	0.704137734480851	0.102415707933671	0.0631340018947277	0.0403180184312043	0.0276730591980421	0.0203472642170706	0.0158699846506045	0.0132297993898852	0.0128744298039435
1.29367046642016	0.707878899675345	0.101501349762136	0.0624620262048687	0.0397852135592385	0.0272420763372206	0.0199926982465132	0.0155705631219251	0.0129647114215906	0.0126024616711623
1.25188154205002	0.711378350504064	0.100634312631962	0.0618290884576954	0.0392866937347984	0.0268408705311166	0.0196639410409989	0.0152938403706051	0.0127204024807978	0.012352500247962
1.21325326308333	0.714662705112772	0.0998102715789801	0.0612312442687128	0.0388187331551323	0.0264660453490146	0.0193579401461621	0.0150370523024377	0.0124942785499681	0.01212172953682
1.17741380076345	0.717754531635282	0.0990254584170806	0.0606651066304313	0.0383781638181285	0.0261147319806515	0.0190721306529069	0.014797886456616	0.012284177929375	0.0119078124795282
1.1440496852381	0.720673121057987	0.0982765707626489	0.0601277462822705	0.037962270862766	0.025784487237063	0.0188043388075656	0.0145743910484474	0.0120882827333762	0.0117087912078752
1.1128945193269	0.723435085099051	0.0975606988315144	0.0596166133471602	0.037568711211024	0.0254732148367968	0.0185527080424854	0.0143649054995406	0.0119050515865209	0.0115230115459065
1.083720255418	0.726054824455522	0.0968752660147185	0.0591294750112638	0.0371954495694733	0.0251791039105357	0.0183156414914006	0.0141680066908153	0.0117331677635359	0.0113490650927348
1.05633037346351	0.728544899645288	0.0962179802442357	0.0586643654621176	0.0368407075418263	0.0249005804187953	0.0180917568015062	0.0139824668905939	0.0115714987495982	0.0111857442460387
1.03055448816687	0.730916327710642	0.095586793887113	0.058219545303126	0.0365029227673492	0.0246362683788201	0.0178798502391944	0.013807220468658	0.0114190643611144	0.0110320068839826
1.00624404388096	0.733178821825933	0.094979870439162	0.057793468372283	0.0361807158134549	0.0243849586305857	0.0176788679043542	0.0136413373031831	0.0112750113634306	0.0108869483476131
0.983268846696444	0.735340986458574	0.0943955566837758	0.0573847544030328	0.0358728631282313	0.0241455834596671	0.0174878824418492	0.0134840013433758	0.0111385930756958	0.010749779005798
0.961514247601376	0.737410477586339	0.0938323592765806	0.0569921663365551	0.0355782747744153	0.0239171958152382	0.0173060740471703	0.0133344931847185	0.0110091528441825	0.0106198061348001
0.940878836827105	0.739394135190191	0.093288924939638	0.0566145913685099	0.0352959759695683	0.0236989521662939	0.0171327148579255	0.0131921757969367	0.0108861105454082	0.0104964191655283
0.921272543112081	0.74129809356375	0.0927640236189813	0.0562510250173717	0.0350250916810615	0.0234900982628825	0.0169671560380986	0.0130564827509358	0.010768951483518	0.0103790775834007
0.902615056348929	0.743127873733263	0.0922565340900879	0.0559005576552508	0.0347648336915588	0.0232899572351663	0.0168088170211146	0.0129269084427511	0.0106572171954686	0.0102673009353391
0.884834510477571	0.744888461345034	0.0917654315973488	0.0555623630591049	0.0345144896766816	0.0230979195876681	0.0166571764965958	0.0128029999255556	0.0105504977881881	0.0101606605238228
0.867866377311942	0.746584372666595	0.0912897771928868	0.0552356886300668	0.0342734139324668	0.022913434740387	0.0165117648153734	0.0126843500457497	0.0104484255148307	0.0100587724616436
0.851652532475326	0.748219710803807	0.0908287085024972	0.0549198469981876	0.0340410194639188	0.0227360038405798	0.0163721575556038	0.0125705916436676	0.0103506693600263	0.0099612918317115
0.836140462645997	0.749798213816003	0.0903814316959613	0.0546142087841873	0.0338167712030364	0.0225651736245938	0.0162379700453023	0.0124613926288358	0.0102569304519769	0.00986790775010324
0.82128258950943	0.751323296084259	0.0899472144784564	0.054318196332514	0.0336001801692589	0.0224005311523424	0.0161088526772348	0.0123564517778738	0.0101669381561759	0.0097783391718848
0.807035690631355	0.752798084031457	0.0895253799514724	0.05403127826383	0.0333907984203218	0.0222416992708496	0.0159844868838166	0.0122554951328128	0.0100804467341927	0.00969233131124669
0.793360401240937	0.754225447090232	0.0891153012172272	0.0537529647220102	0.0331882146692696	0.0220883326899641	0.0158645816645917	0.0121582729008818	0.00999723247337657	0.00960965257244642
0.780220783891625	0.755608024653847	0.0887163966213451	0.0534828032123675	0.0329920504654937	0.0219401145745287	0.0157488705785899	0.0120645567751839	0.00991709121098616	0.00953009190765809
0.767583955332307	0.75694824961617	0.0883281255455121	0.0532203749452786	0.03280195685541	0.0217967535742116	0.0156371091295727	0.0119741376102758	0.00983983619023985	0.00945345653332923
0.755419761811186	0.758248369003184	0.0879499846757293	0.0529652916135521	0.0326176114527044	0.0216579812258028	0.0155290724847687	0.0118868233983367	0.00976529619694226	0.00937956994897979
0.743700495553665	0.75951046211448	0.0875815046832423	0.0527171925434363	0.032438715859687	0.0215235496737759	0.0154245534778451	0.011802437500987	0.00969331393429444	0.00930827021225188
0.732400646382997	0.760736456524851	0.0872222472647138	0.0524757421686451	0.0322649933907653	0.0213932296638431	0.0153233608550872	0.0117208170994073	0.00962374460071946	0.00923940843196742
0.72149668344981	0.761928142240177	0.0868718024960938	0.0522406277845888	0.0320961870568081	0.021266808771529	0.0152253177304554	0.0116418118315684	0.0095564546413943	0.00917284744738562
0.710966862850902	0.76308718425584	0.0865297864612298	0.0520115575464586	0.0319320577755605	0.0211440898337749	0.0151302602206729	0.0115652825904217	0.00949132064895566	0.00910846066708601
0.70079105758583	0.76421513372797	0.0861958391217788	0.0517882586801894	0.03177238277856	0.0210248895565231	0.0150380362360064	0.0114911004610284	0.00942822839276071	0.00904613104518312
0.690950606850457	0.765313437936307	0.0858696223996295	0.0515704758798093	0.0316169541893914	0.0209090372753186	0.0149485044061292	0.0114191457780173	0.00936707195930391	0.00898575017609368
0.681428182122421	0.766383449191287	0.0855508184469652	0.0513579698684423	0.0314655777517862	0.0207963738493638	0.0148615331235473	0.0113493072875778	0.0093077529890531	0.00892721749197775
0.672207667872342	0.767426432815994	0.0852391280824244	0.0511505161033976	0.0313180716891345	0.0206867506723059	0.0147769996896428	0.0112814814005452	0.00925017999717744	0.0088704395493783
0.663274055050782	0.768443574315247	0.08493426937464	0.0509479036084421	0.0311742656795632	0.0205800287854093	0.014694789550546	0.0112155715250889	0.00919426776748124	0.00881532939358263
6.32831880488617	0.495665533129501	0.115825426564985	0.0856867049215544	0.066670368465163	0.0546503942411273	0.0470894598936477	0.0426136007738046	0.0415144684073368	0.0502840436028803
4.3420181408592	0.57289855325105	0.110073586272046	0.0790649817048114	0.0586364078428505	0.0456762760453539	0.0374809790858438	0.0323457035315179	0.0299745190787989	0.0338489931877274
3.54666902229022	0.609196960025411	0.105583769731518	0.0749615835873621	0.0543766312941615	0.0413522720888286	0.0331739670298818	0.0280246369583137	0.0254151124871746	0.0279150667973485
3.06622556261226	0.633106811063762	0.102026035806274	0.07193528700154	0.0514334968083512	0.038497722391035	0.0304312932549696	0.025359802959363	0.0226915737128325	0.024517977001873
2.73205693813013	0.650794195074828	0.0990937072912134	0.0695365743002812	0.0491944267789811	0.0363909563419796	0.028456002216282	0.0234819906838131	0.0208132751743364	0.0222388721382851
2.48124560104313	0.664728893923237	0.09660641255904	0.0675530444455317	0.0473967281591636	0.0347374180239002	0.0269339878847432	0.0220586708457602	0.0194122862234012	0.0205725579352224
2.2836535668406	0.676157815270295	0.094451419187625	0.0658655400489495	0.0459018066952346	0.0333869577549491	0.0257091283581456	0.0209281345572416	0.0183135193778612	0.0192856787496985
2.12263575198523	0.685799226943565	0.0925538254887209	0.064400015074351	0.0446272652585394	0.0322526319304535	0.0246927963657563	0.0200001565377086	0.0174209435747109	0.0182531388261941
1.98809474882479	0.694104477915963	0.0908613710837097	0.0631071491659529	0.0435200660651974	0.0312796571711881	0.0238300502632296	0.0192195980473157	0.0166766941496083	0.0174009361378352
1.87348012011051	0.701375401009563	0.0893361516132406	0.0619523827164711	0.0425440579174702	0.0304313532603856	0.0230846082098249	0.0185504866485874	0.0160434686014376	0.0166820900230199
