7.46858302217368	0.267788413687328	0.133894206843664	0.0892628045624427	0.066947103421832	0.0535576827374656	0.0446314022812213	0.0382554876696183	0.033473551710916	0.0297542681874809	0.0267788413687328	0.0243444012443025	0.0223157011406107	0.0205991087451791	0.0191277438348091	0.0178525609124885	0.016736775855458	0.0157522596286664	0.0148771340937404	0.0140941270361752	0.0133894206843664	0.0127518292232061	0.0121722006221513	0.0116429745081447
5.03067630697581	0.342585368785957	0.155200406400045	0.0957812419378492	0.0673492652836882	0.0509520076400381	0.0404087721906771	0.0331252839211294	0.02782994776783	0.0238296532222378	0.0207160742948249	0.0182339040859349	0.0162158053165167	0.0145478153486384	0.0131498152371435	0.0119639486576361	0.0109474667059466	0.0100681499477148	0.00930128991256894	0.00862764596722496	0.00803203016224027	0.007502306823066	0.0070286723304949	0.00660312806059745
4.14215445390654	0.379764529546533	0.162737544755275	0.0964061783630173	0.0656166797431044	0.0483152199991285	0.0374406113267565	0.0300785147407423	0.0248225184558635	0.0209170412021409	0.017922932708167	0.0155690752077636	0.0136798794195837	0.0121371054612298	0.0108585119429558	0.00978531030568751	0.00887448101277176	0.00809389846667615	0.0074191424445513	0.00683135660131174	0.00631577628287567	0.0058606953241984	0.00545672742274372	0.00509626926692254
3.6137314464577	0.405517302018504	0.166726329468331	0.0959078822673709	0.0638119335512752	0.0461298233663975	0.035201672750346	0.0279107742007778	0.0227722663508269	0.0189976969354395	0.0161336947987869	0.013903112871547	0.012128091015214	0.0106898746373388	0.00950651772698837	0.00851987703341285	0.0076877015824381	0.00697864677672385	0.00636903375134222	0.00584068587512304	0.00537944990335987	0.00497416374841327	0.00461592239219033	0.00429754697785264
3.24730250416444	0.425338305305675	0.169098205646424	0.0950400331368237	0.0621365010857458	0.0442984231952686	0.0334205775632957	0.026245628921082	0.0212386270194274	0.0175924691959846	0.0148471432464463	0.012723690886231	0.0110443983512364	0.00969140597717352	0.00858388973554448	0.00766483215084448	0.00689302188983488	0.00623803820166327	0.00567700745539603	0.00519244808529512	0.00477080416228401	0.00440142621157023	0.0040758493485194	0.00378727322823396
2.97192489265228	0.441468792724001	0.170575942519927	0.0940410609742329	0.060613343916761	0.0427347535347625	0.0319524524645417	0.0249064218343227	0.0200283567713103	0.0165005209898787	0.013860317229114	0.0118290980851829	0.0102304227200496	0.00894792022104207	0.00790218946507313	0.00703747596949128	0.00631365329289811	0.00570121857645605	0.00517806980261492	0.00472737290587134	0.00433611577436611	0.00399410675308014	0.00369326762774319	0.00342712584727964
2.75430882871448	0.45506527578611	0.171504230533672	0.0930057953909648	0.0592315160094765	0.0413775082097265	0.0307111399940538	0.0237951266465213	0.0190385799090504	0.0156180578384723	0.0130707367339436	0.0111194290603838	0.00958951852093524	0.00836637018553401	0.00737209552190511	0.00655221135812967	0.00586764358958288	0.00528975566038115	0.00479715836103462	0.00437360542938015	0.00400657125533462	0.00368626863708951	0.00340495723010898	0.00315644813820929
2.57628315075899	0.466808467941688	0.172071440125797	0.091976282277122	0.0579739936244373	0.040183235843557	0.0296412829998853	0.0228515812321847	0.018207989663155	0.0148845589340038	0.0124196783497283	0.0105382620365411	0.00906778331312757	0.00789542689185288	0.00694481355872484	0.00616268825475601	0.00551096981520484	0.00496182434648024	0.00449451343843207	0.00409332095387752	0.003746155473551	0.0034435874865232	0.003178173062185	0.00294397037718519
2.42690151283526	0.477134940198713	0.172390099453866	0.0909719653318262	0.056824331927299	0.0391204160888666	0.0287052390918869	0.0220362273544219	0.017497174699611	0.0142617767395629	0.0118705382075897	0.0100508321413145	0.00863233369373507	0.00750404926264364	0.0065910636009759	0.00584128677536825	0.00521756400451324	0.00469280035770844	0.00424685004300557	0.00386447519786957	0.00353397300292549	0.00324623184111255	0.0029940695809479	0.00277176140423726
2.29909210664592	0.486342270187101	0.172531817888642	0.0900016505931372	0.0557681849870179	0.0381655903579725	0.0278762797824662	0.0213217026041522	0.0168793643562753	0.0137240902979176	0.0113990721320924	0.00963433131415143	0.00826177211173426	0.0071721831254592	0.00629204940591476	0.00557037732145975	0.00497087272099885	0.0044671201435453	0.00403951403393258	0.00367324933660321	0.00335697265053169	0.00308185659632436	0.00284095195413699	0.00262872609843386
2.18804035595912	0.49464277374022	0.172544375854897	0.0890688310405486	0.0547934227073337	0.0373008849468194	0.0271347667922732	0.0206883265907451	0.016335591805159	0.0132535580559764	0.0109884636257125	0.00927306562626779	0.00794147657183727	0.00688620706876957	0.00603507213643801	0.00533810609556497	0.0047598136247717	0.00427440471881907	0.00386276764364939	0.00351049059180254	0.00320653598049504	0.00294233214601317	0.00271113854203059	0.00250759409385617
2.09033174891474	0.50219342637423	0.17246085039019	0.0881742558780248	0.053889875372348	0.0365123972836083	0.0264658662869453	0.0201214963322033	0.0158519627066714	0.012837167504465	0.0106266154810828	0.0089558229434428	0.00766106250873249	0.00663649711209143	0.00581120060637313	0.00513617019247487	0.00457665259555391	0.00410743481278196	0.00370985802031773	0.00336986926501238	0.00307671789049947	0.0028220636482279	0.00259935417597648	0.0024033826187467
2.00346398610012	0.509113654922365	0.172304823855249	0.0873172444949266	0.0530490136338837	0.0357891174103405	0.0258581137229918	0.0196100965341532	0.0154180178394445	0.0124652080837852	0.0103045642887769	0.00867434538757534	0.00741292092615589	0.00641603321649726	0.00561394592646445	0.00495855846675696	0.0044158079871431	0.00396101521712614	0.00357593819907287	0.00324685285542944	0.00296327049428766	0.00271706144252432	0.00250184406247268	0.00231255103257795
1.92555322635085	0.515496479670547	0.172093518037794	0.0864963869332946	0.052263654443975	0.0351221883414233	0.0253024757955844	0.0191454845515415	0.015025703530854	0.0121302597058083	0.0100155037980391	0.00842239555256444	0.00719133059092507	0.00621955782517857	0.00543846522900161	0.00480079846147689	0.00427313838294987	0.00383130084177653	0.00345742892734615	0.00313810120272206	0.00286306925355618	0.00262439598788898	0.0024158554971654	0.00223250743858759
1.85514892052108	0.521415792402936	0.171839762588526	0.0857099279098516	0.0515277141628144	0.0345043864860563	0.0247917163781727	0.0187208177735283	0.0146686984203162	0.011826537945122	0.00975415773984188	0.00819516087664206	0.00699189499651926	0.00604304490421055	0.00528106145542181	0.00465948521692102	0.00414549854546449	0.00371537790679204	0.00335162325878571	0.00304109274029898	0.00277375926419478	0.002541862677888	0.00233931982595041	0.00216130652374591
1.7911125746321	0.526931279504877	0.171553276133656	0.0849559806317343	0.0508360081405843	0.033929748624447	0.0243199555674269	0.0183305938080894	0.0143419585711193	0.011549455521818	0.00951636282077745	0.0079888599871297	0.00681117216060054	0.00588335239643344	0.00513885723251807	0.00453197515281106	0.00403045184705081	0.00361099349973317	0.00325643189010203	0.00295388435763276	0.00269352848918308	0.0024677673874853	0.002270649342785	0.00209745693200531
1.73253578497973	0.53209185178972	0.171241525485648	0.0842326460597886	0.0501840900022555	0.0333932988112987	0.0238823554296518	0.0179703276783995	0.0140414014343923	0.0112953200597223	0.00929878315738804	0.00780047457941049	0.00664642364360786	0.00573798754922228	0.00500957544749334	0.00441618075560929	0.00392607794547554	0.00351637516937691	0.00317021367688322	0.00287495192317201	0.00262095745476557	0.00240078458619122	0.00220860313564221	0.00203979422488557
1.67868328273996	0.536938095078835	0.170910316899515	0.0835380783647011	0.0495681231065233	0.0328908449002016	0.0234748912308804	0.017636319945177	0.0137636809479765	0.011061120546583	0.00909870969472558	0.00762756200909812	0.00649543985553371	0.00560494416836183	0.0048913875643269	0.0043104290554532	0.00383084055276221	0.00343010717498079	0.00309165961822231	0.00280308132725116	0.00255491673997044	0.00233986072340583	0.00215219587248303	0.00198739462303146
1.62895240555622	0.541504059822843	0.170564212093642	0.0828705192519022	0.0489847775252365	0.0324188245331762	0.0230941817605579	0.0173254867721944	0.0135060241068663	0.0108443731751151	0.00891391617207536	0.00746812131723213	0.00635641564704286	0.00548258710176516	0.00478280627367946	0.00421336172638112	0.00374349431084337	0.00335104351623966	0.00301971147713051	0.00273729218510842	0.00249449530678692	0.00228414677816632	0.00210063420605303	0.00193951493996171
1.58284365260354	0.545818593276427	0.170206826719907	0.082228314114953	0.0484311471111106	0.0319741869038476	0.0227373613884688	0.0170352331685756	0.0132661099973193	0.0106430079222066	0.00874255366772457	0.00732049554081418	0.00622785991211646	0.00536956855830465	0.00468260793468314	0.004123863081414	0.00366301781193532	0.00327824549896228	0.00295350345988496	0.00267678324407708	0.00243894929135415	0.0022329501282505	0.0020532714484155	0.0018955498192478
1.53993889608374	0.549906348040308	0.169841048200711	0.0816099175824056	0.0479046823634636	0.0315543008119213	0.0224019821587367	0.0167633569420176	0.0130419787871771	0.0104552836862232	0.00858307205041698	0.00718329922234816	0.00610852872439127	0.00526476638450112	0.00458977550791608	0.00404100720642349	0.00358856451707615	0.0032109360637903	0.0028923196208764	0.00262089256790724	0.00238766470482167	0.00218569953460673	0.00200957463239013	0.00185500068956929
1.49988499314493	0.553788557144549	0.169469197154657	0.0810138929458231	0.0474031357504919	0.0311568823245623	0.0220859378719333	0.0165079748929742	0.0128319622472752	0.0102797238313748	0.00843416056729313	0.00705536377071406	0.0059973750889247	0.0051672377986802	0.00450345587625415	0.00396401850161555	0.0035194261875704	0.00314846581270882	0.0028355622229662	0.00256906800031874	0.00234012979664653	0.00214191922487218	0.00196910015669099	0.00181745283110391
1.46238127837097	0.557483637778052	0.169093148657033	0.0804389081610222	0.046924516897511	0.0307799372558317	0.0217874045101079	0.0162674653777594	0.0126346300091723	0.010115066566693	0.00829470228208506	0.00693569569493953	0.00589351063820463	0.00507618420684517	0.00442292745609046	0.00389224179206835	0.00345500523011311	0.00309028735447309	0.00278272787695713	0.00252084491731456	0.00229591426059872	0.00210120941315497	0.00193147549627249	0.00178255816770017
1.42716989156752	0.561007667277436	0.168714424448508	0.0798837300469424	0.0464670556321065	0.0304217149821926	0.0215047929772292	0.0160404230953498	0.0124487474984204	0.00996022627648761	0.00816373869654665	0.00682344427042894	0.00579617605473789	0.00499092409457168	0.00434757529130595	0.00382511938290895	0.0033947934996404	0.00303593566743384	0.00273338930004415	0.00247582923752596	0.00225465337124437	0.00206323145246433	0.00189638527395152	0.00175002217252281
1.39402820850117	0.564374762542752	0.168334263829916	0.0793472176619785	0.0460291713234252	0.0300806710277109	0.0212367112368604	0.015825623123539	0.012273242649372	0.00981426304930475	0.00804044196633274	0.00671787621739053	0.00570471796349925	0.00491087189239017	0.00427687167053171	0.00376217323126228	0.00333835585249009	0.00298501288233418	0.00268718119617462	0.00243368428510105	0.00221603572906271	0.0020276963744345	0.00186356051800348	0.00171959377613309
1.36276285281885	0.567597385508105	0.167953678717608	0.0788283154438557	0.0456094472944731	0.0297554365036494	0.0209819337027044	0.0156219920383995	0.0121071793073111	0.00967635842292935	0.0079240928544649	0.00661835566121101	0.00561857068545559	0.00483552131945269	0.004210360877237	0.00370299094035347	0.00328531724261698	0.00293717635731638	0.00264378920286377	0.00239412051549089	0.00217979368451154	0.0019943559413711	0.00183277028077353	0.00169105749784553
1.33320491169541	0.570686591332922	0.167573496789076	0.0783260464566038	0.045206609348147	0.0294447929564996	0.0207393762858784	0.0154285845182059	0.011949735781212	0.00954579589738776	0.00781406307110358	0.00652432811953578	0.00553724168812891	0.00476443212610859	0.00414764707089344	0.00364721464472436	0.00323535249402922	0.00289212923653564	0.00260294114868003	0.00235688739629818	0.00214569577679963	0.0019629955860788	0.00180381502998684	0.00166422724516461
1.30520607833795	0.573652231750174	0.167194395577306	0.0778395059381541	0.0448195076490836	0.0291476515211373	0.0205080758967457	0.0152445642369551	0.0118001874050769	0.00942194514440554	0.00770980100317255	0.00643530759311897	0.00546029987944976	0.00469721944543806	0.00408838456745729	0.00359453210759235	0.00318817811823536	0.0028496129043573	0.00256440007244662	0.00232176692962321	0.00211354070590768	0.00193342878719896	0.00177652138707366	0.00163894137988991
1.27863551565211	0.576503122963735	0.166816929618432	0.0773678552492861	0.0444471013589661	0.0288630355288837	0.020287173485957	0.0150691881443189	0.0116578922491062	0.00930424911085196	0.00761082009005545	0.00635086607343064	0.00538736611087865	0.00463354516828765	0.00403226997780424	0.00354466952882473	0.00314354571110453	0.00280940090193773	0.00252795860019767	0.00228856843837243	0.00208315248425478	0.00190549254817153	0.00175073790037726	0.00161505875676607
1.25337728645335	0.579247185266872	0.166441552219558	0.0769103162676063	0.0440884455437107	0.0285900659092493	0.0200758999207109	0.0149017934421467	0.0115222793279771	0.00919221340855433	0.00751668928393456	0.00627062494978842	0.00531810541351285	0.00457311090284952	0.00397903579889458	0.00349738568867975	0.00310123658160167	0.00277129398321311	0.00249343437903086	0.00225712433562251	0.00205437650513836	0.00187904373329063	0.00172633162155599	0.00159245551650237
1.22932823273826	0.581891559914503	0.166068633025383	0.0764661662356583	0.0437426799652723	0.0283279488667091	0.0198735641497337	0.0147417867254096	0.0113928388051203	0.00908539752569205	0.00742702516657621	0.00619424792249534	0.00525222060557389	0.00451565218611936	0.00392844515105482	0.00345246714407803	0.00306105735012197	0.00273511606682654	0.00246066634128521	0.00222728666568411	0.00202707633032356	0.00185395607565325	0.00170318531124783	0.00157102246947789
1.20639621384675	0.58444270755775	0.165698472278627	0.0760347330518637	0.0434090194448757	0.0280759654224224	0.0196795432290416	0.0145886348734473	0.0112691138047012	0.00898340750085695	0.00734148539283084	0.00612143511966147	0.00518944699402202	0.00446093369260438	0.00388028742703846	0.00340972426121788	0.00302283631647073	0.00270071089857095	0.00242951162665351	0.0021989242561879	0.00200113104665936	0.00183011771641449	0.00168119514204988	0.00155066294603221
1.18449863366505	0.586906491625496	0.165331312459942	0.0756153909815262	0.043086745542979	0.0278334624942244	0.0194932738706764	0.0144418573664772	0.0111506935278239	0.00888588978017666	0.00725976320465894	0.00605191818333709	0.00512954795576391	0.00440874524357467	0.0038343746720903	0.00336898791796962	0.00298642044360056	0.00266793928178395	0.00239984302980239	0.00217192035786282	0.00197643307657682	0.00180742916759054	0.00166026879773705	0.0015312910183299
1.16356120228915	0.589288249333755	0.164967347836957	0.0752075567592894	0.0427751993477431	0.0275998452528285	0.0193142452457331	0.0143010197702455	0.0110372074338457	0.00879252603788746	0.00718158281496873	0.00598545614172209	0.00507231123102877	0.00435889846358198	0.00379053855434166	0.00333010674658712	0.00295167283762266	0.00263667676510771	0.00237154687086282	0.00214617067649206	0.00195288635335523	0.0017858016150634	0.0016403238905878	0.00151283002039322
1.14351688915419	0.591592852462361	0.164606732334663	0.0748106860520848	0.0424737752008987	0.0273745705426291	0.0191419928264582	0.0141657281839276	0.0109283202969833	0.00870302878653293	0.0071066955027831	0.00592183192306103	0.00501754579720563	0.0043112239638462	0.00374862781517795	0.00329294481528738	0.00291847063055534	0.00260681170111784	0.00234452120857664	0.00212158172245296	0.00193040479160649	0.00176515549677793	0.00162128663590705	0.00149521130910572
1.12430503350453	0.593824759618673	0.164249586050316	0.0744242702513829	0.0421819152197061	0.0271571411951629	0.0189760930938811	0.0140356244868773	0.0108237279864542	0.00861713763821432	0.00703487629368259	0.00586084939659864	0.00496507921875556	0.00426556895721853	0.00370850611234085	0.00325737966858879	0.00288670319201833	0.00257824360764224	0.00231867433291942	0.00209806941912768	0.00190891099826801	0.00174541930502212	0.00160309073588507	0.00147837322126413
1.10587058492666	0.595988061379873	0.163896000667868	0.0740478335646005	0.0418991044977686	0.0269471010947063	0.0188161589701666	0.0139103822514594	0.0107231538480232	0.00853461610567079	0.00696592112457399	0.00580233084896609	0.00491475538988313	0.00422179522876661	0.00367005018631025	0.00322330066269329	0.00285627061123597	0.00255088177763587	0.00229392348707099	0.00207555792363047	0.00188833518075047	0.00172652857231116	0.00158567643490318	0.00146226019113186
1.08816345199421	0.598086519446958	0.163546043974464	0.0736809303772523	0.0416248668869831	0.0267440308805268	0.0186618358607631	0.0137897032140885	0.0106263455880456	0.00845524885335153	0.00689964441141529	0.0057461148222703	0.00486643260302879	0.00417977740103491	0.00363314829429647	0.00319060754489362	0.00282708240243656	0.00252464409433484	0.00227019377868644	0.00205397862268256	0.00186861421764536	0.00170842500859063	0.00156898971608225	0.00144682200016868
1.07113794125061	0.600123600738595	0.163199763640766	0.0733231428595207	0.0413587612788285	0.0265475441903861	0.0185127982120231	0.0136733142163175	0.0105330725794387	0.00837883932547816	0.00683587695390974	0.00569205425419662	0.00481998188906616	0.00413940144476833	0.00359769886693951	0.00315920923589147	0.00279905639587392	0.00249945601686848	0.00224741724826597	0.00203326927376513	0.0018496908642065	0.00169105576384104	0.00155298161483621	0.00143201313621636
1.05475227205067	0.602102507189332	0.162857190395069	0.0729740787931267	0.0411003783162372	0.0263572843660935	0.0183687465064756	0.0135609645435412	0.0104431235235785	0.00830520769143964	0.00677446412334819	0.00564001487151882	0.00477528558519637	0.00410056339512622	0.00356360935127903	0.00312902278169481	0.00277211778387109	0.00247524970814131	0.00222553206857215	0.00201337326739911	0.00183151307015003	0.00167437279514728	0.00153760762986053	0.00141779224380188
1.03896815540147	0.604026201885215	0.162518340696126	0.0726333695965858	0.0408493374780217	0.0261729215550448	0.0182294046312219	0.013452423601491	0.0103563044137731	0.00823418905950517	0.00671526428946247	0.00558987379721703	0.00473223609455294	0.0040631682407357	0.00353079521026207	0.00309997244791752	0.00274619829695541	0.00245196328203427	0.00220448185389639	0.00199423899091012	0.00181403339151959	0.00165833232122239	0.00152282721566073	0.00140412165066936
1.02375042703632	0.605897432063628	0.162183218989832	0.0723006685290406	0.0406052844867018	0.0259941501523975	0.018094517565701	0.0133474788808718	0.0102724367553327	0.00816563191837944	0.00665814744990754	0.00554151833844573	0.00469073480793385	0.00402712895877253	0.00349917905439512	0.00307198893420349	0.00272123548966307	0.0024295401511373	0.00218421506183115	0.00197581927761713	0.00179720848169704	0.00164289435048718	0.00150860334363943	0.00139096695838519
1.00906672663917	0.607718749417834	0.161851819619166	0.0719756490548408	0.0403678889979353	0.0258206865373078	0.0179638493438382	0.0132459341687429	0.010191356004831	0.0080993967730152	0.00660299403223481	0.00549484492825531	0.00465069116322041	0.00399236567394117	0.00346868988542651	0.00304500869041966	0.00269717211919802	0.0024079284595533	0.00216468447328411	0.00195807092824165	0.00178099864929987	0.00162802227129069	0.00149490212108376	0.00137829668703959
0.994887216498585	0.609492528076167	0.161524128444235	0.0716580033528617	0.0401368425358917	0.0256522670638866	0.0178371812527712	0.013147607971976	0.0101129101973194	0.00803535494668704	0.00654969384327682	0.00544975819854887	0.00461202182219499	0.00395880492300356	0.00343926243539327	0.00301897331942077	0.00267395560303299	0.00238708058798944	0.002145846738946	0.00194095429363082	0.00176536747284288	0.00161368249484945	0.00148169245925904	0.00136608196581525
0.981184333976831	0.611220980567935	0.161200124219133	0.071347440956213	0.0399118566440373	0.0254886462735061	0.0177143102362535	0.0130523321236332	0.0100369587352839	0.00797338752588786	0.00649814514497893	0.00540617016547615	0.00457464994784049	0.00392637900957001	0.00341083658716054	0.00299382905374522	0.00265153754388795	0.00236695272051538	0.00212766198242321	0.00192443290974188	0.00175028146376599	0.00159984414309136	0.0014689457833175	0.00135429626260237
0.967932573084298	0.612906172040296	0.160879779764202	0.0710436875094941	0.0396926612251113	0.0253295953000561	0.0175950474757114	0.0129599505476488	0.00996337131727147	0.00791338442834313	0.00644825383908092	0.00536399951150578	0.00453850456795472	0.00389502543636224	0.00338335686485646	0.00296952629568205	0.00262987331243064	0.00234750446412593	0.00211009345187105	0.00190847317734124	0.0017357097708295	0.00158647877489425	0.00145663577795008	0.00134291514698156
0.955108291191727	0.614550032950802	0.160563062965642	0.0707464836321037	0.0394790030476987	0.0251749004438873	0.0174792171259767	0.01287031816095	0.00989202698751836	0.00785524357751143	0.00639993274581769	0.00532317095091065	0.0045035200131672	0.00386468640420327	0.00335677198446716	0.00294601921184962	0.00260892167960369	0.00232869851368144	0.00209310721328911	0.00189304408009903	0.00172162392001924	0.00157356014527295	0.00144473816370269	0.00133191608182625
0.942689537525091	0.616154370427339	0.160249937629054	0.0704555838773217	0.0392706443998792	0.0250243618936499	0.0173666551860923	0.0127832998952674	0.00982281329073961	0.00779887016948044	0.00635310096409209	0.00528361466745752	0.00446963541930215	0.00383530836867143	0.00333103445638639	0.00292326537482424	0.00258864449176366	0.00231050035597727	0.00207667187972743	0.0018781169357675	0.0017079975850391	0.00156106399293885	0.00143323049969145	0.0013212782395379
0.930655900595187	0.617720878459639	0.159940364209073	0.0701707557779662	0.0390673618730326	0.0248777925781473	0.017257208488405	0.0126987698234846	0.00975562551858426	0.00774417602027729	0.00630768330246612	0.0052452658147938	0.00443679428556689	0.00380684164674542	0.00330610023297808	0.00290122544550962	0.0025690063828732	0.00229287800766443	0.00206075837154787	0.00186366517595979	0.00169480638423788	0.00154896785237329	0.00142209200912081	0.0013109823395534
0.918988372135855	0.619251147063454	0.159634300433658	0.0698917789703924	0.0388689452610994	0.0247350171327849	0.0171507337915303	0.0126166103775512	0.00969036603622432	0.00769107898337006	0.00626360977189235	0.00520806407143985	0.00440494408131998	0.00377924006692091	0.00328192839525738	0.00287986289089322	0.0025499745188621	0.00227580178254712	0.00204533970362618	0.00184966415073184	0.00168202770045403	0.00153725088714777	0.00141130342456072	0.00130101050428138
0.907669225477093	0.620746670538982	0.15933170183861	0.0696184443894614	0.0386751965624839	0.0245958709672734	0.0170470969647682	0.0125367116468082	0.00962694367918844	0.00763950242860902	0.00622081513242408	0.00517195324347596	0.0043740358952364	0.00375246065724011	0.00325848087366789	0.00285914373263067	0.00253151837	0.00225924408445062	0.00203039079599547	0.00183609095473893	0.00166964052078939	0.00152589374171552	0.00140084685039793	0.0012913461310528
8.05618487743649	0.344075142953615	0.114004948309958	0.0785432955516238	0.0591812043586599	0.0473974313928011	0.0395430267700164	0.0339390359121445	0.0297411484767153	0.0264813923718778	0.0238793472044513	0.0217568477854594	0.0199954851402286	0.0185137796314246	0.0172542222455264	0.0161756425280938	0.0152486903828958	0.0144533866981557	0.0137784603946972	0.0132230863979846	0.0128037644023652	0.0125780622877864	0.0127585591782983	0.0146740396252208
5.83212003154781	0.416189157993468	0.123370857840087	0.0812273675297927	0.0584987039603643	0.0449595722976189	0.0361353123349044	0.0299729149522059	0.0254494790485864	0.0220036880737735	0.0193024457569445	0.0171360782787848	0.0153664132506086	0.013899026529165	0.0126675300132751	0.0116242863480532	0.0107347883687902	0.0099743208984042	0.0093263143295234	0.00878250442086949	0.0083463570375655	0.00804655188252951	0.0080033366501148	0.0089829922045704
4.90988296582327	0.453360268316377	0.125925803845965	0.0809921609458631	0.0569660396992654	0.0428612988318931	0.0338057155917466	0.0275705689923651	0.0230536309966944	0.0196548552387541	0.0170209205120373	0.0149310929801976	0.0132409566848212	0.0118524770275487	0.0106971232903528	0.00972592081507901	0.00890341694332065	0.00820403348695303	0.00761009840751411	0.00711150159711325	0.0067080161445777	0.00641948191838598	0.00633683698443287	0.00704778074874211
4.33828006660613	0.479131655393702	0.12677281399455	0.0802266544243115	0.0555006261714515	0.0411470991180991	0.0320372821054034	0.0258314419352047	0.0213796879491938	0.0180601975485972	0.0155091899794138	0.013500811813883	0.011888177619521	0.0105721333324764	0.00948371472557372	0.00857384064792471	0.00780706668725837	0.00715778510176034	0.00660809737934059	0.00614721205012479	0.00577318470560836	0.00550133816935124	0.00540707655857208	0.00598291258867827
3.93229351676068	0.498904734497451	0.126905392622144	0.0793211603822419	0.0541762747924076	0.0397127443577525	0.0306186333640098	0.0244765388692686	0.0201048628458633	0.0168683201533584	0.0143973135236022	0.0124635966426576	0.0109194786966501	0.00966573532410891	0.00863365249805369	0.00777450853309391	0.0070532104720879	0.00644441256530406	0.00593030027360772	0.00549983354356044	0.00515012277843065	0.00489372437339314	0.00479618950145031	0.00528925938950203
3.62212908241214	0.514930181536478	0.126682235482402	0.0783928651672311	0.0529867925662999	0.0384857651814968	0.0294397507397551	0.0233739204706667	0.0190844426533456	0.0159273728308036	0.0135298959486409	0.0116628431200797	0.010178576530833	0.00897831460825226	0.00799390722557041	0.00717719104048349	0.0064935616219991	0.00591804900521976	0.00543305042170872	0.00502747308026015	0.00469785961101657	0.00445489384588109	0.00435723313998089	0.00479382417159468
3.37399159374812	0.528380427013579	0.126266250476426	0.0774841343537838	0.051914417835652	0.0374174962460079	0.0284355102428367	0.0224496691384693	0.0182400704223291	0.0151571493460042	0.0128264635315113	0.0110187853744774	0.00958700897382418	0.00843306310978247	0.00748951102553875	0.0067088320026133	0.00605696160218639	0.00550934726461895	0.00504865168342798	0.00466382692691117	0.00435105676724788	0.00411967268872276	0.00402319610748819	0.00441849786656108
3.16902140312088	0.539948778671616	0.125741573922929	0.076610895462848	0.0509417981999927	0.03647421308851	0.0275640288366194	0.0216579938730818	0.0175243889132317	0.0145100676379794	0.0122399900853284	0.0104854040019414	0.00910001326517727	0.0079865983630318	0.00707850384093324	0.00632888112361432	0.00570421777796193	0.00518038767466045	0.00474033877641012	0.00437311885591402	0.00407467820597728	0.00385332588347883	0.00375858532571666	0.00412221821304579
2.99566415006647	0.550080864702931	0.125155388790728	0.0757784065979318	0.0500541583171812	0.0356317131343766	0.0267967416269242	0.0209685233675177	0.0169065843470893	0.0139556213367011	0.0117406891113039	0.0100338509957153	0.00868978360159754	0.00761219073195304	0.00673522289020491	0.00601270541812959	0.00541167078971364	0.00490841286432458	0.00448616813694104	0.00413410665444291	0.00384802487101381	0.00363543188988775	0.0035426361882062	0.00388110363518487
2.8463537388977	0.559080676871507	0.124535683135851	0.0749873152028071	0.0492393402189269	0.0348720826426426	0.0261132893236274	0.0203600810949559	0.0163655032860904	0.0134731214526757	0.0113085626663706	0.00964492570865064	0.0083379536913194	0.00729230493285555	0.00644293668423067	0.00574433558221985	0.00516406259542569	0.00467881777801164	0.00427212111300502	0.00393327813229124	0.00365798420186088	0.00345310559467919	0.00336229985447642	0.00368021823551889
2.71588118550815	0.567165091528676	0.123899721527156	0.0742362419813964	0.0484874010570979	0.0341817102679441	0.0254986526079098	0.0198173231496287	0.015886016781909	0.0130479230021591	0.0109295761870744	0.00930525266312944	0.00803181258752441	0.00701487588165903	0.00619019396678865	0.00551289476885022	0.00495104702704431	0.00448173991926563	0.00408876774188334	0.00376157708239664	0.00349579828655063	0.00329776986406987	0.00320891947033042	0.0035096926495558
2.60051708778634	0.574494355580438	0.123258442442898	0.0735229595417058	0.0477901810421033	0.0335500214012422	0.0249414398118148	0.0193287863779157	0.0154569475388025	0.0126693022089981	0.010593529334817	0.00900517304632622	0.00776223339228818	0.00677128437426119	0.00596885158559776	0.00531068068991674	0.00476532580904647	0.00431024701587699	0.00392950182756755	0.00361267898615081	0.00335536909085683	0.00316346965759163	0.00307650189764587	0.00336271734613793
2.49750591660081	0.581190264054136	0.122618892592897	0.0728449516444196	0.0471409364647855	0.0329686435614134	0.0244328107781537	0.0188856900318983	0.0150698165087583	0.0123291874095316	0.0102927947504541	0.00873750538745629	0.00752246405725423	0.00655518245915306	0.00577293641820617	0.00513206439387781	0.00460158326390859	0.00415930572796003	0.00378954071708261	0.00348201758652209	0.00323230523850098	0.00304592722482853	0.00296075269477407	0.00323442703402779
2.40475824926657	0.587347564907934	0.121985644523415	0.0721996820513035	0.0465340481617224	0.0324308389009529	0.0239657722572766	0.0184811663006898	0.0147180484987566	0.0120213626410723	0.0100215329297704	0.00849677935881352	0.00730738428697158	0.00636177544725983	0.00559795309390915	0.00497282337377662	0.00445584381927213	0.00402516203333517	0.00366532650083366	0.00336620410174892	0.00312335512027094	0.00294198198601228	0.0028585058270244	0.0031212438778781
2.32065496709016	0.59304141739249	0.121361656540493	0.0715847211785972	0.0459647947946569	0.0319311078016155	0.0235347006160717	0.0181097476749652	0.0143964489177254	0.0117409476253634	0.00977518324003184	0.00827874209360344	0.007113029305092	0.00618736396780481	0.00544044435914466	0.00482971972938572	0.00432506708610552	0.00390495204811178	0.00355415110065016	0.00326266468090974	0.0030260540346213	0.00284924285335159	0.00276737066218198	0.00302047229702777
2.24391800462333	0.598332440542979	0.120748812097615	0.0709978011688578	0.0454291772790509	0.0314649053573641	0.0231350091106186	0.0177670147000416	0.0141008478329632	0.0114840467778342	0.0095501225811384	0.00808002892868485	0.00693627376690926	0.00602904132992935	0.00529770167148073	0.00470022346500636	0.00420688312309904	0.00379644835712097	0.00345391259422098	0.00316940539740374	0.0029384960418415	0.00276586398885771	0.0026855048566033	0.00293003903037882
2.17352232919185	0.603270231429656	0.120148267660258	0.0704368344970436	0.0449237824034751	0.0310284343337732	0.0227629101614687	0.0174493474811422	0.0138278511161107	0.0112475055375934	0.00934342979399922	0.00789793728565087	0.00677461563637099	0.00588448740524953	0.00516756879138484	0.00458232530866437	0.00409941388222208	0.00369788939323565	0.00336295173657052	0.00308485496630969	0.00285918162258015	0.00269039540033939	0.0026114633727295	0.00284832078417236
2.10863437618614	0.607895878958682	0.119560682330593	0.069899914137393	0.0444456762169093	0.0306184911658653	0.0224152418447551	0.0171537463533907	0.0135746623057094	0.0110287370531043	0.00915271898085205	0.00773026742249432	0.00662602458747202	0.00575182456467562	0.00504830494846608	0.00447440669063446	0.00400114951450981	0.00360786153463353	0.0032799392555597	0.00300775654820648	0.00278691309771049	0.00262168058236822	0.00254409524477996	0.00277402666123574
2.04856798002907	0.612243799285753	0.11898637241291	0.0693853047476017	0.0439923200369797	0.0302323495154279	0.0220893388644865	0.016877699874501	0.0133389524422408	0.0108255962804913	0.00897601901267538	0.00757520779555602	0.00648883327499073	0.00562951469322666	0.00493848731429628	0.00437514732169768	0.00391086066340097	0.00352521569562764	0.00320379628950703	0.00293709152138651	0.00272072108694006	0.00255878466714458	0.00248247124611743	0.00270611595704141
1.99275218293467	0.616343101559977	0.118425417176033	0.0688914298873001	0.0435615037305946	0.029867670927435	0.0217829350051528	0.0166190859405266	0.0131187632207767	0.0106362868113923	0.00881168476055746	0.00743125093091061	0.0063616578135998	0.00551628409866409	0.00483694008517232	0.00428345815539087	0.00382753499187152	0.0034490070905656	0.00313363704109555	0.00287202463937122	0.00265981169018652	0.0025009429065883	0.0024258321099986	0.00264373942683968
1.94070729535533	0.62021862134556	0.11787773221961	0.0684168579297256	0.0431512922737826	0.0295224353690249	0.0214940882913625	0.0163760965556699	0.012912433767648	0.0104592907784048	0.00865833059207482	0.00729713062327245	0.00624333860374525	0.0054110677906829	0.00474268199194895	0.00419843188338962	0.0037503304089227	0.00337845093146768	0.00306872667625907	0.00281186383535017	0.00260352783659385	0.00244752303032833	0.00237355075360196	0.00258619651157458
1.89202680707726	0.623891714328845	0.117343120944086	0.0679602880501451	0.0427599826004278	0.0291948865786725	0.0212211228064734	0.0161471797982586	0.0127185444790487	0.0102933153416871	0.00851477979619753	0.00717177433634695	0.006132895612851	0.0053129674820464	0.00465488682938031	0.0041193057893685	0.00367854004120867	0.00331288930979112	0.00300844990374316	0.0027560302703274	0.00255132052564023	0.00239799727665283	0.00232510424830977	0.00253290365049195
1.84636352267049	0.627380874114067	0.116821310986467	0.0675205369773724	0.0423860684877416	0.0288834885995969	0.0209625829206609	0.0159309944895397	0.0125358733869097	0.010137251291293	0.00838002560037765	0.00705426662805032	0.00602949410849457	0.00522121948461674	0.00457285335097798	0.00404543347319602	0.00361156561768973	0.00325176607439755	0.00295228717767578	0.00270403568054148	0.00250272710616419	0.00235192129534369	0.00228005270380139	0.0024833704450245
1.80341879723219	0.630702218921931	0.116311980190763	0.0670965268126702	0.0420282117702003	0.0285868908653078	0.0207171968909422	0.0157263743822147	0.0123633618600304	0.00999014063753571	0.00825320075499621	0.00694382069747383	0.00593241806943183	0.0051351698556351	0.00449598201060276	0.00397626304644712	0.00354889698036477	0.00319460752194123	0.00289979643233588	0.00265546501414818	0.00245735464800716	0.00230891801620004	0.00223802314135666	0.00243718147946355
1.76293408122478	0.633869879218046	0.115814775205831	0.0666872740127756	0.0416852185762297	0.0283038998996967	0.0204838476281348	0.0155322995770149	0.0122000873558593	0.00985115096117435	0.00813355353854238	0.00683975600013937	0.00584104931795356	0.00505425493387064	0.00442375678307756	0.00391132011914406	0.00349009612259356	0.00314100737603494	0.00285059889277689	0.00260996295929116	0.00241486705540034	0.0022686651614161	0.00219869702366193	0.00239398228133455
1.72468420826326	0.63689630952143	0.115329324835254	0.0662918795238567	0.0413560195817207	0.0280334561869153	0.0202615490073338	0.0153478734929406	0.0120452415629134	0.00971955491143118	0.00802042863617091	0.00674148045595639	0.00575485097147786	0.00497798593567932	0.00435573080287866	0.00385019438167342	0.00343478461912312	0.00309061497431557	0.00280436792978335	0.00256722337489889	0.00237497496799551	0.00223088546945916	0.00216180050233537	0.0023534683544573
1.68847201464074	0.639792541514041	0.114855249618143	0.0659095199981293	0.0410396534993372	0.0277746151209908	0.0200494265112177	0.0151723041513248	0.0118981127109724	0.00959471366920451	0.00791325176029676	0.00664847617417374	0.00567335419388173	0.00490593664614594	0.00429151490803675	0.00379252891761335	0.00338263362843752	0.00304312588494143	0.00276082021732911	0.0025269809141733	0.0023374277652131	0.00219533896254686	0.0021270967114934	0.00231537652235575
1.65412398780984	0.642568391223884	0.114392168682568	0.065539440000493	0.040735253192532	0.02752653120376	0.0198467012925812	0.0150048888443159	0.011758071136807	0.00947606349665547	0.00781151717523216	0.00656028790075196	0.00559614749535082	0.00483773349591482	0.00423076841936492	0.00373801161437663	0.00333335586818761	0.00299827438404668	0.00271970865156363	0.00248900432365072	0.00230200717611547	0.00216181677244513	0.00209437961989814	0.00227947802950458
1.62148671806865	0.645232629924614	0.113939704613073	0.0651809451051393	0.0404420339326107	0.0272884448505633	0.0196526769591479	0.0148450014831757	0.0116245574170197	0.00936310471238431	0.00771477749770402	0.00647651359410777	0.00552286802040841	0.00477304749565504	0.00417319165729241	0.00368636820207024	0.00328669911989021	0.00295582737372202	0.00268081663175483	0.00245309103634637	0.00226852212799412	0.00213013616738651	0.00206346908326806	0.00224557299467217
1.59042398318446	0.647793126112136	0.113497486865114	0.064833395783772	0.0401592834164945	0.0270596713055645	0.0194667285436364	0.0146920820866353	0.0114970725429088	0.00925539258993608	0.00762263529717257	0.00639679668013133	0.00545319440143679	0.00471158763060439	0.00411851982224132	0.00363735656820343	0.00324244093036149	0.00291557942592344	0.0026439534045663	0.00241906277419999	0.00223680456014024	0.00210013651401915	0.00203420683002744	0.0022134859147745
1.56081433616388	0.650256964233736	0.11306515411248	0.0644962019933352	0.0398863532396031	0.0268395912759404	0.0192882932414149	0.014545627991825	0.0113751697328876	0.0091525297940216	0.00753473613144582	0.0063208196434444	0.00538684085550693	0.004653095412725	0.00406651795442707	0.00359076208100689	0.00320038425803522	0.00287734871434384	0.00260895024605102	0.00238676194489455	0.00220670599657192	0.00207167597396468	0.00200645317978699	0.0021830619925514
1.53254909625283	0.652630544587312	0.11264235580957	0.0641688183794207	0.0396226515780434	0.0266276429759305	0.0191168625880912	0.0144051864619728	0.011258447568034	0.00905416005562667	0.00745076273586325	0.00624829869037066	0.00532355227655844	0.00459734035809844	0.00401697675515169	0.00354639371667468	0.003160353871515	0.00284097365243582	0.00257565730917343	0.00235604866918613	0.0021780947206417	0.00204462878246964	0.00198008434196179	0.00215416411589801
1.50553066554184	0.654919667859294	0.112228753175601	0.0638507400203741	0.0393676368811497	0.0264233153345288	0.01895197581792	0.0142703484344832	0.0111465442042564	0.00895996285242401	0.00737043014638273	0.00617897927780734	0.00526310013037706	0.00454411620941448	0.00396970910089531	0.00350408083230119	0.00312219335162335	0.00280631009737572	0.00254394100421072	0.0023267983126328	0.00215085343074471	0.00201888299198024	0.00195499017739596	0.00212667035682721
1.47967111035446	0.657129607046893	0.111824019753803	0.063541498645777	0.0391208124123938	0.0262261421692319	0.0187932141965675	0.0141407432060634	0.0110391324662648	0.00886964891041827	0.00729348158388503	0.00611263234653928	0.00520527900158574	0.00449323776271227	0.00392454711850686	0.00346367046114654	0.00308576258111731	0.00277322901089795	0.00251368180894689	0.00229889942380708	0.00212487728343325	0.0019943385898207	0.00193107233227948	0.00210047188790875
1.45489095938204	0.659265168954649	0.111427841659193	0.0632406592710543	0.0388817215060521	0.0260356971662355	0.018640196162559	0.0140160338924635	0.0109359156682436	0.00878295638067491	0.00721968496290034	0.00604905113134595	0.00514990367364624	0.00444453818738888	0.00388133971785673	0.0034250250332704	0.00305093563113706	0.00274161449146052	0.00248477242789027	0.00227225200234141	0.00210007225065272	0.00197090591899433	0.00190824267351242	0.00207547123647718
