6.63645798645799	0.30136557845783	0.150682789228915	0.100455192819277	0.0753413946144576	0.0602731156915661	0.0502275964096384	0.0430522254939758	0.0376706973072288	0.0334850642730923	0.030136557845783	0.0273968707688937	0.0251137982048192	0.0231819675736793	0.0215261127469879	0.0200910385638554
4.34500363557529	0.38081023906455	0.168543237907414	0.102330265437177	0.0710629765629891	0.0532282411345475	0.041868425033881	0.0340850664586764	0.0284672139620226	0.0242506471027552	0.0209877722402342	0.018400245766238	0.0163065526332304	0.0145836588352292	0.0131454516798465	0.0119300061812092
3.52606523443621	0.419478216246489	0.173764425442131	0.100610140210905	0.0673333147391848	0.0489364729886614	0.0375287367874813	0.0298937055419621	0.0244963166818118	0.0205200384412393	0.0174945457107718	0.0151318408326457	0.0132467929600224	0.0117155911862893	0.0104526635581326	0.00939719867227244
3.04524641157019	0.445914710518225	0.175994468306526	0.0985640563287172	0.0643329842878751	0.0458388891505657	0.0345881440032537	0.0271797107416276	0.0220156998743996	0.0182579902920144	0.0154298750985109	0.0132427708319434	0.011513097851973	0.0101192538769891	0.00897793286460267	0.00803041597277656
2.71514601932158	0.466061332311822	0.176955947977571	0.0965737284680091	0.0618537176023792	0.04343394713615	0.0323928473022252	0.025211388235274	0.0202575891489716	0.0166851221305044	0.0140174260028046	0.0119685804326507	0.0103581597096632	0.00906751879743801	0.00801591487302757	0.00714677987150995
2.4691066374298	0.482325761458598	0.177264035505313	0.0947162356863802	0.0597542102962132	0.0414829256031469	0.03066109594642	0.0236907966600439	0.0189217879080879	0.0155063655667372	0.0129711268907664	0.0110341067393606	0.00951852122143887	0.00830878981103282	0.00732666315957019	0.00651757754689076
2.27603626960556	0.495942989537282	0.177199451753287	0.0930008475461451	0.0579415339184108	0.0398520126183861	0.0292443170484696	0.0224666729243904	0.0178601017729944	0.0145792994881307	0.0121554854408808	0.0103111359757727	0.00887317606958269	0.00772898233225435	0.00680262740251466	0.00604136617149832
2.11905506182008	0.507635963411581	0.176909101974098	0.0914187498153643	0.0563523222907187	0.0384584143848651	0.0280544867424355	0.021451896941115	0.0169889734749063	0.013824987135203	0.0114964783040883	0.00973048366675684	0.00835753346890812	0.00726778336095817	0.00638743690653526	0.00566538812246636
1.98804471910525	0.517866017873748	0.176476995375492	0.0899567769886383	0.0549416837386633	0.0372473161302239	0.0270352337449374	0.0205919085927694	0.0162569548299637	0.0131954874239153	0.0109496621030847	0.00925101888916995	0.00793352178191589	0.00688991097898862	0.00604833767170512	0.00535917387678443
1.87649808285426	0.526946154849375	0.175954251077521	0.0886016570977673	0.0536767438586499	0.0361805735674424	0.0261483653537818	0.0198504136177227	0.0156302979525681	0.0126597072370008	0.0104864838183366	0.00884652956120964	0.00757704821626153	0.00657317497479502	0.00576484164310785	0.00510375717445974
1.78000364346994	0.535098735885212	0.17537342266058	0.0873413035681988	0.0525327487293881	0.0352306033784946	0.0253668696425291	0.0192021361293419	0.0150857771961858	0.0121964518755196	0.0100876349110623	0.00849941015382476	0.00727202540098398	0.00630283426679499	0.00552340006413307	0.00488664613775097
1.69544501048187	0.542487505737338	0.17475596254098	0.0861651066710942	0.0514906171303632	0.0343768383586454	0.024670982212873	0.018628825794479	0.0146067928903936	0.0117906974534505	0.00973952186998468	0.0081973378646723	0.00700724932373225	0.00606866710882369	0.00531465392792263	0.00469924111524794
1.62054673745204	0.549236574876473	0.174116380187398	0.0850638814734207	0.050535345207756	0.0336035531715736	0.0240458366784575	0.0181169131443862	0.0141811124225859	0.0114314518218027	0.00943225811210462	0.00793139531022453	0.00677464717765228	0.00586333604195221	0.005131907158856	0.00453540721535656
1.55360166999947	0.55544227197795	0.173464683944745	0.084029709168558	0.0496549324311398	0.0328984699002487	0.0234799913675603	0.0176560609716605	0.0137994901393379	0.0111104593681677	0.00915845714894072	0.00769494947127818	0.00656823681756418	0.00568142159981771	0.00497022815607957	0.00439063753695179
1.49329957539114	0.561180863798701	0.17280787749691	0.0830557593369509	0.0488396377658507	0.03225183023187	0.0229644680144933	0.017238231416372	0.0134547872991044	0.0108213816437892	0.00891247414633836	0.0074829511123462	0.00638347964705347	0.00551882392273394	0.00482589550468544	0.00426153866280098
1.43861524681317	0.566513762778815	0.172150909899568	0.0821361243443124	0.0480814516690125	0.0316557587748855	0.0224921033399188	0.0168570639890191	0.0131413905070056	0.0105592597259837	0.00868991119438347	0.00729148007479798	0.0062168624228923	0.00537237750521185	0.00469604229567741	0.0041455014785165
1.38873305280096	0.57149114547485	0.171497296830807	0.0812656752027533	0.0473737130922387	0.0311038145055148	0.0220570991698806	0.0165074485335707	0.0128548155937716	0.0103201503530072	0.00848728425224281	0.00711744053690093	0.00606561806464378	0.0052395948614506	0.00457842016583328	0.00404048336253397
1.34299464076546	0.576154531318319	0.170849537186653	0.0804399397927823	0.0467108263163696	0.0305906674885835	0.0216547026320927	0.0161852245312838	0.0125914306997016	0.0101008730290635	0.00830179277554247	0.00695835107988114	0.00592753398974342	0.00511849108183741	0.0044712382262205	0.00394485985192617
1.3008618139422	0.580538661230342	0.170209398529385	0.0796550013319501	0.046088048020571	0.0301118612140698	0.0212809739619167	0.015886964662435	0.0123482582658628	0.00989883014675654	0.0081311565733111	0.00681219656590132	0.00580081730741813	0.00500746077284822	0.00437305035273774	0.00385732106449398
1.26188962337247	0.584672892741967	0.16957811635335	0.0789074141546277	0.0455013247256341	0.0296636347912432	0.0209326147544204	0.0156098159795414	0.0121228306100796	0.00971187642329642	0.00797349786396748	0.00667732141346554	0.00568399796741458	0.00490518986419556	0.00428267458633553	0.00377679777046073
1.22570650131473	0.588582253786655	0.168956535459018	0.0781941339039069	0.0449471669972799	0.0292427878403687	0.0206068388156997	0.0153513813467567	0.0119130827192869	0.00953822241413296	0.0078272544352447	0.00655235126049678	0.00557585785723322	0.00481059119128794	0.0041991343780695	0.0037024075945638
1.19199935102971	0.592288250781295	0.168345211680704	0.0775124595728846	0.0444225508956804	0.0288465763903759	0.0203012736072057	0.0151096295759289	0.0117172714107319	0.00937636205894523	0.0076911146551482	0.0064361345056281	0.00547537801921849	0.00472275664016932	0.00412161501989143	0.00363341518619237
1.16050219093355	0.595809496723732	0.167744485994964	0.0768599852378998	0.0439248399063018	0.0284726316556555	0.0200138840342492	0.0148828263732415	0.011533913512317	0.00922501748658687	0.0075639681194408	0.00632769803166089	0.00538169876224017	0.00464092105272124	0.0040494308373362	0.0035692022716531
1.13098739068186	0.599162205378893	0.167154539093378	0.0762345597103099	0.0434517224653632	0.0281188959406611	0.0197429128035434	0.01466948061576	0.011361737982631	0.00908309641870506	0.00744486767565658	0.00622621321872518	0.00529408910671831	0.00456443462675633	0.00398200014209226	0.0035092448208064
1.1032588260924	0.60236058441891	0.166575431948587	0.0756342526660027	0.0430011614988577	0.0277835715356065	0.0194868332372552	0.0144683020817578	0.0111996483969979	0.00894965890692286	0.00733299984923241	0.00613096953720849	0.00521192308978258	0.00449274154812583	0.00391882586797368	0.00345309541677874
1.07714647418752	0.605417151336046	0.16600713621473	0.0750573260880498	0.042571353316178	0.0274650795837944	0.0192443115695568	0.0142781678497353	0.0110466932443052	0.00882389107807548	0.00722766156009469	0.00604135380174867	0.00513466118350351	0.00442536325953771	0.00385948042893972	0.00340036948570537
1.05250210263889	0.60834298964115	0.16544955716903	0.0745022100824292	0.0421606938600845	0.0271620266868307	0.0190141765446373	0.014098095335938	0.0109020421804998	0.00870508420625745	0.00712824160765635	0.00595683370682044	0.00506183557283352	0.00436188522372335	0.00380359375441115	0.00335073442769857
1.02919580044212	0.611147958394136	0.164902551126525	0.0739674823072761	0.0417677507945068	0.0268731775748231	0.0187953946960206	0.0139272204708198	0.0107649668751692	0.00859261787949354	0.00703420581186976	0.00587694463814956	0.00499303838128075	0.00430194635118608	0.00375084374416521	0.00330390095457926
1.00711316203583	0.613840864903453	0.164365938723155	0.0734518504005615	0.0413912402643214	0.0265974325744445	0.0185870500894235	0.0137647798933642	0.0106348254359304	0.00848594634656595	0.0069450849870017	0.00580127901717449	0.00492791217207713	0.00424523048188928	0.00370094858597829	0.00325961612465942
0.986152983933314	0.616429608094232	0.163839515085603	0.0729541369064985	0.0410300074234489	0.02633380890505	0.0183883276038391	0.013610096315721	0.010511049646032	0.00838458735744081	0.00686046513154944	0.00572947762346961	0.00486614222336669	0.00419145946605718	0.00365366052182133	0.00321765769587078
0.966225366943639	0.618921298321576	0.163323057638466	0.0724732662932237	0.0406830100246174	0.0260814250533768	0.0181984990406497	0.0134625664107754	0.0103931344332853	0.00828811297631479	0.00677997936753124	0.00566122247575059	0.00480745019917757	0.00414038750153026	0.00360876075104268	0.00317782951268181
0.947250142042648	0.621322358120563	0.16281633210697	0.0720082537282068	0.0403493045136225	0.0258394876424317	0.0180169115105816	0.0133216507234076	0.0102806291231447	0.00819614196801481	0.00670330127223809	0.00559623095138579	0.00475158892796106	0.00409179646700141	0.00356605523372802	0.00313995771074351
0.929155556511207	0.62363860741626	0.162319097133703	0.0715581953372113	0.040028034185377	0.02560728033506	0.0178429776685507	0.0131868652169981	0.0101731301291522	0.00810833344893295	0.00663013932697835	0.00553425089781647	0.00469833806698018	0.00404549205086143	0.00352537121250285	0.0031038875736149
0.911877170884669	0.625875335980298	0.161831107825539	0.071122259720488	0.0397184190474521	0.0253841544080695	0.0176761674576897	0.0130577741504289	0.0100702748095348	0.00802438156157917	0.0065602322683517	0.00547505654422414	0.00464750048046926	0.00400130052040954	0.00348655431205083	0.00306948091341523
0.895356927809801	0.628037365354719	0.161352118471178	0.0706996805386123	0.0394197471056334	0.0251695207062493	0.0175160010936905	0.0129339840446254	0.00997173627616085	0.00794401098329261	0.0064933451737234	0.00541844506325441	0.00459889919690243	0.00395906601008142	0.00344946610645788	0.00303661387541861
0.879542361973008	0.630129102025664	0.16088188461338	0.0702897500118359	0.0391313668400088	0.0249628427426772	0.0173620430745216	0.0128151385467415	0.00987721898607589	0.00786697311899629	0.00642926614777141	0.00536423366419739	0.00455237483917046	0.00391864823309961	0.00341398206789527	0.00300517508796496
0.864385926483647	0.632154583287335	0.160420164617556	0.0698918132024805	0.0388526806827513	0.0247636307563527	0.0172138970425449	0.0127009140381073	0.00978645497984883	0.00779304285821161	0.00636780350406599	0.00531225712329306	0.00450778344330014	0.00387992054068521	0.00337998982807024	0.00297506409539745
0.849844415929652	0.634117516967622	0.159966720846392	0.0695052629709149	0.0385831393426835	0.0245714365733761	0.0170712013589435	0.0125910158617523	0.0096992006574439	0.00772201580011675	0.00630878335664749	0.00526236567562271	0.00446499459823709	0.00384276826821434	0.00334738769769951	0.00294619002433359
0.835878470106603	0.636021315973646	0.159521320525741	0.0691295355129338	0.0383222368488534	0.0243858491458113	0.0169336252763448	0.0124851750686719	0.0096152340031107	0.00765370586887851	0.00625204755298154	0.00521442320770875	0.00442388985237008	0.00380708731956872	0.00331608340001356	0.00291847044336583
0.822452145404429	0.637869128445505	0.159083736368389	0.0687641064006183	0.0380695062072082	0.0242064906646596	0.0168008656161512	0.0123831456004984	0.00953435218719124	0.00758794325602513	0.00619745189258364	0.00516830570146455	0.00438436134280145	0.00377278295023248	0.00328599298272192	0.00289183038394918
0.809532543203139	0.639663864170176	0.158653747007899	0.0684084870605737	0.0378245155821467	0.0240330131612804	0.0166726438735873	0.0122847018409732	0.00945636948578499	0.00752457263815999	0.00614486458583331	0.00512389988924675	0.00434631061152523	0.00373976871702984	0.00325703987951197	0.00286620149627115
0.797089486519298	0.641408217797436	0.158231137283584	0.0680622216332762	0.037586864929134	0.0238650955260603	0.016548703686743	0.0121896364804339	0.00938111546964317	0.00746345162752133	0.00609416491564817	0.0050811020870144	0.00430964757916137	0.00370796556823035	0.0032291540974257	0.00284152131868817
0.785095237663306	0.643104689310349	0.157815698409029	0.0677248841654621	0.0373561830163481	0.0237024408848824	0.0164288086166164	0.0120977586470521	0.00930843342205287	0.00740444942028393	0.00604524207122344	0.00503981717840569	0.00427428965208173	0.00367730105240979	0.00320227151066876	0.00281773264313471
0.773524250894015	0.64475560212994	0.157407228049798	0.0673960760943778	0.0371321247830128	0.0235447742835451	0.0163127401938896	0.0120088922662809	0.00923817895225745	0.00734744561346594	0.00599799412830981	0.00499995772721854	0.00424016094293754	0.00364770862820088	0.00317633324478738	0.00279478296197844
0.762352955053156	0.646363119173919	0.157005530330634	0.0670754239884851	0.0369143689900754	0.0233918406381469	0.0162002961952942	0.0119228746162638	0.00917021877647613	0.00729232916614669	0.00595232715477298	0.00496144319956669	0.00420719158797297	0.00361912706009559	0.00315128513787976	0.00277262398427091
0.751559561974965	0.647929257140018	0.156610415788312	0.0667625775141021	0.0367026161255224	0.0232434029159455	0.0160912891182799	0.0118395550521039	0.00910442964309342	0.00723899748465222	0.00590815442365614	0.00492419928006324	0.00417531714725412	0.0035914998879205	0.00312707726772479	0.00275121121135199
0.741123897132962	0.649455899243742	0.156221701282959	0.0664572076015851	0.0364965865321568	0.0230992405165684	0.0159855448275227	0.0117587938761343	0.00904069738228941	0.00718735561460311	0.00586539571881421	0.00488815726890201	0.0041444780761845	0.00356477495961423	0.00310366353552014	0.0027305035634039
0.731027249535134	0.6509448066064	0.155839209878061	0.066159004788169	0.0362960187302836	0.0229591478279213	0.015882901350813	0.0116804613348285	0.00897891606343339	0.00713731552538522	0.00582397672052983	0.00485325354877675	0.00411461925851826	0.00353890401858299	0.0030810012984038	0.00271046304989297
0.721252238333174	0.652397628460969	0.155462770697279	0.0658676777175665	0.0361006679116336	0.0228229329348656	0.0157832078051869	0.0116044367258961	0.00891898724609077	0.0070887954748089	0.00578382846045557	0.00481942911228511	0.0040856895926001	0.0035138423382673	0.00305905104415413	0.00269105447794127
0.711782693989131	0.653815911319626	0.155092218764524	0.0655829517789826	0.0359103045841246	0.0226904164618638	0.0156863234369428	0.0115306076015296	0.00886081931259474	0.00704171944355302	0.0057448868368305	0.00478662914187969	0.00405764162381659	0.00348954839767549	0.00303777610247294	0.00267224519358338
0.702603552157846	0.655201107226774	0.154727394832442	0.0653045678703854	0.0357247133498289	0.0225614305334172	0.0155921167615164	0.0114588690557923	0.00880432687188904	0.00699601663051658	0.00570709218225576	0.00475480263560541	0.00403043121728869	0.00346598359257251	0.00301714238809446	0.00265400485162102
6.96432513378183	0.354196726571938	0.134547017893448	0.0912353567612899	0.0686148794890195	0.0550042525058334	0.0459496865932484	0.0395039266375356	0.0346955350980931	0.0309885883723125	0.0280674648376006	0.025742084524201	0.0239079104265052	0.0225472158252894	0.0218347018808284	0.0231646525828567
4.91039147317238	0.426453778737749	0.143407516911055	0.091375677000088	0.0649248187937853	0.0494955828613932	0.0395290498283053	0.0326236057437812	0.0275971875055657	0.0238050502030169	0.0208694580320762	0.0185598386092593	0.0167378255420398	0.0153416207894965	0.0144402003185474	0.0148387891238419
4.07618194482222	0.463461578534892	0.145412001349189	0.0897352077501971	0.0619386726960277	0.046054016567735	0.0359882053184322	0.029134346824738	0.0242234584280524	0.0205705193854636	0.0177776019529085	0.015602688072821	0.0138986183052739	0.0125914738628507	0.0117178110839597	0.0118937998674595
3.56623483459098	0.489011865205463	0.145782281239438	0.0879919779225317	0.059533385508419	0.0435212792324419	0.0335190510733792	0.0267952229293363	0.0220323933515746	0.0185255790171654	0.0158683568001513	0.0138147831898824	0.012214862929377	0.0109896950186617	0.0101595688862105	0.0102396976959674
3.20790805703367	0.508551535332667	0.145503575146776	0.0863454639310493	0.0575336775395098	0.0415248514055698	0.0316383717234376	0.025059143481341	0.0204401620724684	0.0170659666926633	0.0145268140721748	0.0125759673085983	0.0110629526558662	0.00990669476421801	0.00911778732923322	0.00914703654442699
2.93655883966221	0.524345925172325	0.144921592688308	0.0848274060597256	0.055829188493946	0.0398851324163623	0.0301317050275331	0.0236946386921878	0.0192081385899513	0.015951473043588	0.0135142654718939	0.0116505127012303	0.0102103627969227	0.00911190998484888	0.00835939597794649	0.0083583528832302
2.72109396297892	0.537572870427962	0.144188750340384	0.0834337824467183	0.0543484065365645	0.0385001455539818	0.0288835245450689	0.0225810619165316	0.0182149718303403	0.0150623728107176	0.0127137694274796	0.0109246922067093	0.00954646220372384	0.00849705558324674	0.00777629169740218	0.00775584247316943
2.54426595896089	0.548927602309627	0.143381243136862	0.0821523922457941	0.0530426906308867	0.0373060596811685	0.0278242133022667	0.0216475038532484	0.0173906853110471	0.0143307022574489	0.0120598328928489	0.0103355703855984	0.00901068864299191	0.00800344568543673	0.00731044767934842	0.00727692198542591
2.3955662754226	0.558856209584132	0.142540243224039	0.0809701345658272	0.0518775328697212	0.0362601773550668	0.0269085523544685	0.0208488171562298	0.016691409429449	0.0137143956311427	0.0115123636991464	0.00984499432072083	0.00856664941083554	0.00759609990571239	0.00692754230775093	0.00688487818575836
2.26814847361755	0.567662500299377	0.141689125735909	0.0798750203291331	0.0508275908407998	0.0353325121661925	0.0261055306640838	0.0201545483127846	0.0160879331797133	0.0131857425386696	0.0110451947831066	0.00942826505432315	0.00819095738588609	0.007252689684016	0.00660580686022665	0.00655658216577779
2.15732111392592	0.575562886569498	0.140841556304068	0.0788566135235602	0.0498737170760157	0.0345011999393448	0.0253929813311837	0.019543233136646	0.0155598950008776	0.0127256046774431	0.0106403964727447	0.0090685765209126	0.00786779834648407	0.00695820266731832	0.00633068403328992	0.00627665440061349
2.05973997125745	0.582717041573976	0.140005620116053	0.0779059849101608	0.0490010990976218	0.0337498151015395	0.0247545313273962	0.018999209720916	0.0150925801974738	0.0123202620434158	0.0102852036206924	0.0087540357993897	0.0075860416777	0.00670212458860822	0.00609202532451313	0.00603442490054368
1.97294416787646	0.589246159876479	0.139186068083114	0.077015528468066	0.0481980477791339	0.033065712511107	0.0241777604284074	0.0185107239163913	0.0146750391133377	0.0119595773147562	0.00997024162611872	0.00847595524517447	0.0073375950858059	0.00647684410772592	0.00588251368721909	0.00582223275716289
1.89507482462247	0.595244402270681	0.138385600733965	0.0761787581674005	0.0474551808763854	0.032438956690544	0.0236530359356508	0.0180687461027642	0.0142989237876615	0.0116358705906674	0.00968844678945705	0.00822781968171155	0.00711641532720891	0.00627669872459042	0.00569672480648176	0.00563441951483048
1.82469664276754	0.600786372723936	0.137605631556863	0.0753901228746544	0.0467648566480876	0.0318616048251078	0.0231727458866989	0.0176662017335513	0.0139577383046272	0.0113431997243676	0.00943438026913959	0.00800463384345202	0.00691788634641806	0.00609737783695004	0.00553054236365832	0.00546670506248831
1.76068049187175	0.60593217443958	0.136846755461694	0.0746448488582439	0.0461207709876382	0.0313272118101568	0.0227307778228204	0.0172974537991897	0.0136463387068882	0.0110768834922136	0.00920377617258062	0.00780249472279793	0.00673841360654947	0.00593553495815011	0.0053807796827691	0.00531578547872768
1.70212368741092	0.610730929996869	0.136109043728944	0.0739388094657844	0.0455176645336802	0.0308304796028661	0.0223221545640488	0.0169579446277254	0.0133605894494188	0.0108331760428817	0.00899323465146968	0.00761830248583325	0.00657515100309676	0.00578852765916005	0.00524492689669124	0.00517906529153094
1.64829438775503	0.615223294158916	0.135392233568755	0.0732684184815513	0.0449511056126546	0.0303670031804863	0.0219427735792124	0.0166439417897894	0.0130971213571358	0.0106090388274303	0.00880000793400364	0.00744955978223337	0.00642581199648187	0.00565423832931699	0.0051209772475458	0.00505447415448714
1.59859190062203	0.619443286907184	0.134695851934354	0.0726305431350627	0.0444173266262347	0.0299330828560928	0.0215892165879227	0.0163523539505654	0.0128531573093335	0.0104019771991206	0.00862184770937807	0.00729422915664004	0.00628853588764281	0.00553094766719768	0.00500730484676415	0.00494033822650694
1.55251776360482	0.623419656225701	0.134019297384025	0.0720224330697184	0.0439130988451505	0.0295255832097302	0.0212586079161969	0.0160805948791881	0.0126263842547193	0.0102099210184041	0.00845689407068254	0.00715062965988734	0.00616179116525298	0.00541724350622837	0.00490257681382467	0.00483528798129057
1.50965429165187	0.627176908414099	0.133361894657575	0.0714416621585081	0.0434356352861074	0.0291418254220815	0.0209485074086354	0.0158264813334333	0.0124148576234928	0.0100311358778144	0.00830359325363145	0.007017360521833	0.00604430436131476	0.00531195388101732	0.00480568893397454	0.00473819086648203
1.46964840651998	0.630736098762502	0.132722931217775	0.0708860806354927	0.0429825144463871	0.0287795039688153	0.0206568282918302	0.0155881552317421	0.0122169288387594	0.00986415605929197	0.00816063573317184	0.00689324389058499	0.00593500682410432	0.00521409707363395	0.00471571774788685	0.00464810127802238
1.43219927142506	0.634115446502675	0.13210168170986	0.0703537755191797	0.0425516197497508	0.0284366213643057	0.0203817733543024	0.0153640235375964	0.0120311895870969	0.00970773319160306	0.00802690897347807	0.0067772812517698	0.00583299431031268	0.00512284377727182	0.00463188433962966	0.00456422283116763
1.3970487123007	0.637330818897037	0.131497424237898	0.0698430377211042	0.0421410909795826	0.028111436470385	0.0201217847743501	0.0151527112607591	0.0118564284401607	0.00956079643198847	0.00790146089709732	0.00666861982510543	0.00573749590193024	0.00503748805311043	0.00455352659488706	0.00448587951460486
1.36397371015498	0.640396116505114	0.130909451050836	0.0693523345664859	0.0417492849653463	0.0278024231323869	0.0198755042552531	0.0149530243078593	0.0116915967084872	0.00942242122957587	0.00778347131071474	0.00656652634623476	0.00564784980827965	0.00495742476536345	0.00448007768653089	0.00441249336153224
1.33278045354671	0.643323582871655	0.130337075385624	0.0688802867169882	0.0413747434887438	0.0275082367705315	0.0196417410410572	0.0147639198226466	0.0115357812856385	0.00929180456360977	0.00767222931593063	0.00647036638919249	0.00556348432148561	0.00488213185502585	0.00441104920253759	0.00434356696933234
1.30329958074866	0.646124055741962	0.129779635658709	0.0684256486920518	0.0410161668785224	0.0272276871657709	0.0194194460254793	0.0145844822875637	0.0113881828478366	0.00916824512560105	0.00756711527692704	0.00637958789697288	0.00548390267741674	0.00481115627337555	0.00434601777877933	0.0042786696730316
1.27538233934885	0.648807172557574	0.129236497826105	0.0679872923470149	0.0406723921283809	0.0269597161168783	0.0192076906206408	0.0144139041042218	0.0112480982010707	0.00905112731808116	0.00746758629647223	0.00629370794432697	0.00540867091022747	0.00474410271554655	0.00428461440881843	0.00421742650464058
1.24889746067143	0.651381539854703	0.128707056481463	0.0675641927931072	0.0403423746415249	0.0267033789632792	0.0190056493795045	0.0142514696898715	0.011114905872202	0.0089399082295845	0.00737316442077171	0.00621230200908084	0.00533740802569838	0.00468062451921628	0.00422651582033378	0.00415950929965903
1.22372859646693	0.653854873905851	0.128190735090066	0.0671554163442111	0.0400251729058177	0.0264578292016381	0.018812585604615	0.0140965423589057	0.0109880542607799	0.0088341069522614	0.00728342698702157	0.00613499520902322	0.00526977798813863	0.00462041625386773	0.00417143746278127	0.00410462947502189
1.19977220178504	0.656234118261393	0.127686985638316	0.0667601101540854	0.0397199355542809	0.0262223055978166	0.0186278393520079	0.0139485534288578	0.0108670518294594	0.00873329575940441	0.00719799866821911	0.00606145509263921	0.00520548313846226	0.00456320764208884	0.00411912776276031	0.00405253212020942
1.17693577481333	0.65852554259161	0.127195287895757	0.0663774932702364	0.0394258903803119	0.0259961213262554	0.0184508173707339	0.0138069931169993	0.0107514589302349	0.00863709277153867	0.00711654487337269	0.00599138566836598	0.0051442587511144	0.00450875853926667	0.0040693633852937	0.00400299112890924
1.15513638448279	0.660734826282383	0.126715148428787	0.0660068488804032	0.0391423349648839	0.0257786547678041	0.0182809846176737	0.0136714028887154	0.0106408809529873	0.00854515582281468	0.00703876623834591	0.00592452242863699	0.00508586850428396	0.00445685476085491	0.00402194529961785	0.00395580516180827
1.13429943170641	0.662867129516584	0.126246099464227	0.0656475175674673	0.0388686286409893	0.0255693416728177	0.0181178570628622	0.0135413689909231	0.0105349625502991	0.00845717730204898	0.00696439400052633	0.00586062817869102	0.00503010068783587	0.00440730459336513	0.00397669549316508	0.00391079427819796
1.11435760156237	0.664927154019093	0.125787697671861	0.0652988914206455	0.038604185573602	0.0253676684548727	0.017960995558562	0.0134165169589327	0.0104333827439365	0.00837287979037531	0.00689318609448855	0.00579948952080098	0.00497676501119716	0.00435993586069096	0.00393345421140767	0.00386779710953401
1.09524997250675	0.66691919521406	0.125339522914254	0.0649604088767228	0.0383484687750828	0.0251731664260349	0.0178100005902658	0.0132965069276957	0.0103358507579597	0.00829201235399884	0.00682492383948947	0.0057409138756609	0.00492568990226915	0.00431459344438646	0.0038920776270888	0.00382666847502996
1.07692125548027	0.668847187207759	0.124901176997284	0.0646315501861094	0.0381009849089078	0.0249854068203652	0.0176645077628737	0.0131810296114597	0.0102421024541	0.00821434737880126	0.00675940911562104	0.00568472694661941	0.00487672021062255	0.00427113717727066	0.00385243586220276	0.00378727736000358
1.05932114105556	0.670714741746556	0.124472282444145	0.0643118334156587	0.0378612797608379	0.0248039964805946	0.0175241839028681	0.013069802841763	0.0101518972690064	0.00813967785556632	0.00669646194566041	0.00563077055104565	0.00482971524543385	0.00422944004579828	0.00381441130142822	0.00374950519363818
1.04240373691424	0.672525182090518	0.124052481307909	0.0640008109142372	0.0376289342776868	0.0246285741053673	0.0173887236791359	0.0129625685741511	0.0100650155718194	0.00806781504188294	0.00663591841549665	0.00557890075766242	0.00478454709205839	0.0041893866491723	0.00377789714767362	0.00371324437522875
1.02612708121756	0.674281572576456	0.123641434032237	0.0636980661786036	0.0374035610907999	0.0244588069724274	0.0172578466624772	0.0128590902902267	0.00998125637546348	0.0079985864404476	0.00657762887850921	0.00552898628014097	0.00474109916170468	0.00415087187302239	0.00374279617977474	0.00367839700770962
1.01045272003678	0.675986744510401	0.123238818365881	0.063403211066713	0.0371848014551055	0.0242943880676061	0.0171312947577837	0.0127591507346236	0.00990043534695696	0.00793183404435628	0.00652145639919613	0.00548090708633804	0.00469926493704422	0.00411379974326217	0.00370901967979682	0.00364487380493587
0.995345339093003	0.677643318921525	0.12284432833385	0.0631158833134935	0.0369723225458073	0.0241350335611815	0.0170088299541101	0.0126625499369231	0.00982238307158025	0.00786741280867574	0.00646727539927825	0.00543455318980498	0.00465894688325945	0.00407808243193776	0.00367648650328609	0.00361259314528702
0.980772441731749	0.679253726621789	0.122457673266117	0.0628357443107512	0.0367658150639691	0.0239804805827276	0.0168902323469767	0.0125691034769622	0.00974694353344759	0.00780518931458535	0.00641497047587645	0.00538982359601573	0.00462005549937706	0.00404363939184296	0.00364512227052913	0.00358148024903285
0.966704066414504	0.68082022594408	0.122078576883377	0.0625624771183862	0.0365649911097985	0.0238304852533753	0.0167752983946703	0.012478640958835	0.0096739727812665	0.00774504059804804	0.00636443536650721	0.00534662538045494	0.00458250848904233	0.00401039660067301	0.0036148586606697	0.00355146646081575
0.953112538112595	0.682344918472857	0.121706776438468	0.0622957846787423	0.0363695822886869	0.0236848209408217	0.0166638393763916	0.0123910046644845	0.00960333775315913	0.00768685311957897	0.00631557203982411	0.00530487287951581	0.00454623003338089	0.00397828589872363	0.00358563279359904	0.00352248862176684
0.939972248891057	0.683829763032992	0.121342021911391	0.0620353882098166	0.0361793380202573	0.0235432767077297	0.0165556800251079	0.0123060483623774	0.00953491523858613	0.0076305218554501	0.00626828989444639	0.00526448697826212	0.00451115015143731	0.0039472444067746	0.00355738668702857	0.00349448851834258
0.927259463711186	0.68527658816241	0.120984075255547	0.0617810257563643	0.0359940240249953	0.0234056559285508	0.0164506573121059	0.0122236362505389	0.00946859095884267	0.00757594949376479	0.0062225050510166	0.00522539448165314	0.00447720413600729	0.00391721401294891	0.00353006677819015	0.00346741239706511
0.914952148091965	0.686687103260825	0.120632709692536	0.0615324508807289	0.0358134209666715	0.0232717750534701	0.0163486193636763	0.0121436420163614	0.00940425875042994	0.00752304572139163	0.0061781397249366	0.00518752755792327	0.00444433205459253	0.00388814091910674	0.00350362350128039	0.00344121053606962
0.903029814777411	0.688062908579094	0.12028770905281	0.0612894314776164	0.0356373232318049	0.0231414625012335	0.0162494244932256	0.0120659479982122	0.00934181983795764	0.00747172658986344	0.00613512166914092	0.00515082324453941	0.00441247830678807	0.00385997523879183	0.00347801091314372	0.0034158368657782
0.891473386978576	0.689405504190358	0.119948867159403	0.0610517486990615	0.0354655378299924	0.0230145576651894	0.0161529403345093	0.0119904444360372	0.00928118218519278	0.00742191395010928	0.00609338367785327	0.00511522300859526	0.00438159123072114	0.00383267063995666	0.00345318636082934	0.003391248632192
0.880265076111389	0.690716298064541	0.119615987252069	0.060819195977577	0.035297883401105	0.0228909100190425	0.0160590430636906	0.0119170287999881	0.00922225991451021	0.00737353494735847	0.00605286314359615	0.00508067235469925	0.00435162275225209	0.00380618402669797	0.00342911018560605	0.00336740609726684
7.32336894741535	0.408689670763047	0.11595614849011	0.0819416353071859	0.0622363947280542	0.0500137274815614	0.0418803239986365	0.0361158808840654	0.031841410627173	0.0285777653569087	0.0260491215997092	0.0240997983065986	0.022666479047165	0.0218095631351407	0.0219737417125862	0.0261483385620586
5.17505921112165	0.485738621195118	0.118746395648262	0.0804947037264686	0.0582735639201763	0.0447392785301205	0.0359341293557893	0.0298236111768197	0.0253736529559499	0.0220232217169313	0.019446737565109	0.0174510394363451	0.0159328235504712	0.0148836694737134	0.0145366285473545	0.0166019232013718
4.29711880882446	0.523919538991077	0.117875581199174	0.0783766680100058	0.0554136335987212	0.0415967981712394	0.0327431850142348	0.0266870875962315	0.0223335911131971	0.0190927015310163	0.0166232132354041	0.0147213193498836	0.0132725375548598	0.0122478960588647	0.0118137950338138	0.0132824535422765
3.75894538383799	0.54978235739296	0.116441987232953	0.076456308771764	0.053196778351849	0.0393284065018808	0.0305428320941794	0.0245982183643742	0.0203663402295755	0.017242992912996	0.0148803007107093	0.0130703505536647	0.0116940352264758	0.0107124631439199	0.0102571128481718	0.0114295156645267
3.38018835898679	0.569288834372403	0.114912175251938	0.0747611981735061	0.0513927767760271	0.0375601057512088	0.0288771963876061	0.0230528865364602	0.0189386958225294	0.0159229205149259	0.0136548980087617	0.0119253095976343	0.0106130549626826	0.00967362857262124	0.00921665628508603	0.0102096629866094
3.09309328091734	0.58488499303258	0.113413151256135	0.0732590568371229	0.0498764634729157	0.0361181799992995	0.0275477869399697	0.0218403194992721	0.0178344132470869	0.0149145025697868	0.012729143517112	0.0110689463562567	0.00981210414462486	0.00891066858519326	0.00845919588858312	0.00933107465406176
2.86499006021971	0.597828688419558	0.111984017723034	0.0719163852129998	0.0485721566839606	0.034906306496019	0.0264490511256595	0.0208515267781908	0.0169440710375268	0.0141094242385556	0.0119964960227569	0.0103965471544419	0.00918776058947163	0.00831998145087224	0.00787670481726993	0.00866088224968319
2.67772218673564	0.60885546669293	0.11063490504	0.0707056784899648	0.0474305184027524	0.0338651989188543	0.0255179745150581	0.0200228111541566	0.016204785913843	0.013446316293045	0.0113973421721443	0.00985018304265757	0.00868341137094816	0.00784542678638447	0.0074112417062778	0.00812873950098346
2.5202106629948	0.618433444322337	0.109365330935742	0.0696052514609719	0.0464175614584075	0.0329556991908864	0.0247139158987397	0.0193137864328879	0.0155772289721561	0.0128872401345985	0.0108952047467166	0.00939473528385433	0.00826503002010467	0.00745353795323697	0.0070285504314307	0.00769348275793
2.38522869048035	0.626879126209941	0.108170884456776	0.0685980386859497	0.0455088669424521	0.0321505781645661	0.0240091574465541	0.0186972968832364	0.0150352570329983	0.0124072224011787	0.0104662789017889	0.00900746398986962	0.00791074250741625	0.00712294770972559	0.00670690907489469	0.00732922959265244
2.26781932348986	0.634416501714403	0.107045886410044	0.0676704901634825	0.0446862978906813	0.0314301401195413	0.0233839735136297	0.0181542493260492	0.0145606689859561	0.0119890222566389	0.010094252206059	0.00867289071077664	0.00760575152401035	0.0068392857358788	0.00643179340071153	0.00701879604213739
2.16444621682231	0.641209857166189	0.105984492602444	0.0668117188252874	0.0439360155853523	0.0307796854495228	0.0228238462637284	0.0176707383732846	0.0141403226617365	0.0116202822798438	0.0097675083831555	0.00838005737539916	0.00733963737884233	0.00659248405105721	0.00619307840068881	0.00675027520346839
2.07250537627579	0.647383212881733	0.104981146494356	0.066012869738031	0.0432472229247848	0.0301879596932816	0.0223177950531488	0.017236343651051	0.0137644443309597	0.011291872142887	0.00947751390674569	0.00812095548168165	0.00710482098861027	0.00637525181050942	0.00598346390594697	0.00651512699627258
1.99002871989107	0.653032443594096	0.104030746988252	0.0652666564257521	0.0426113362523786	0.0296461610387061	0.0218573243494904	0.0168430694989807	0.0134255854410176	0.0109968741696724	0.00921783642471966	0.0078895761949107	0.00689563960310569	0.00618216299852865	0.00579753787680491	0.00630704914358434
1.91549592280992	0.658233159250419	0.10312868905984	0.064567018041771	0.0420214212265277	0.0291472808681797	0.0214357344070915	0.0164846571881653	0.0131179512881701	0.0107299349815142	0.0089835211582331	0.00768131012859856	0.00670776569368762	0.00600908555482893	0.00563119303062327	0.00612127812235016
1.8477105002626	0.663046010533659	0.1022708484811	0.0639088632283292	0.0414717976280213	0.0286856515762814	0.0210476544330546	0.0161561233033489	0.012836953691684	0.0104868361304368	0.00877068016040387	0.00749255393325272	0.00653782777984321	0.00585281046550306	0.0054812494172958	0.0059541392377864
1.78571561002962	0.667520367282167	0.10145354376294	0.0632878764349784	0.0409577557643599	0.028256628095622	0.0206887174292485	0.0158534408269261	0.0125789039796191	0.0102642010594902	0.00857621336951235	0.00732044430560658	0.00638315511227753	0.00571080297281218	0.00534520222602206	0.0058027473784179
1.72873529204074	0.671696933957902	0.100673490873338	0.0627003696664901	0.0404753486511939	0.027856358354478	0.0203553281762181	0.0155733132621257	0.0123407968490882	0.0100592898598638	0.00839761411931126	0.00716267328642562	0.00624160104442256	0.00558103106585821	0.00522104853323777	0.0056648023000462
1.67613249790155	0.675609650470841	0.0999277579264428	0.0621431676527499	0.0400212368982608	0.0274816144685696	0.020044494160774	0.0153130111540611	0.01212015480134	0.0098698522480927	0.00823283039931312	0.00701735699590428	0.00611141793609108	0.00546184440038347	0.00510716537961186	0.00553844510756468
1.62737849760606	0.679287100374556	0.0992137229828105	0.0616135179018222	0.0395925710345949	0.0271296663785202	0.0197537000736653	0.0150702515018598	0.0119149139804498	0.00969402014662654	0.00808016387815574	0.00688294042817826	0.00599116670888089	0.00535188701691205	0.00500222213618328	0.00542215545678459
1.58203017549106	0.682753571938857	0.0985290361234484	0.061109019498681	0.0391869009319284	0.0267981857615129	0.0194808131112617	0.0148431072991215	0.0117233389435142	0.00953022781466781	0.00793819509405729	0.00675812714405206	0.00587965025055055	0.00525003324970471	0.00490511632728584	0.00531467651135647
1.53971290964043	0.686029869825791	0.0978715860090807	0.060627566187129	0.0388021051723786	0.0264851719300212	0.0192240104682824	0.0146299386485206	0.0115439580470613	0.00937715152938131	0.00780572714622178	0.00664182650969995	0.00577586357535978	0.00515533988326263	0.0048149258416295	0.00521495922618063
1.50010747548039	0.689133944446809	0.0972394706987537	0.0601673004525747	0.0384363353175662	0.0261888939596158	0.0189817230873923	0.0144293395928965	0.0113755137836592	0.00923366338921726	0.00768174270460056	0.00653311352747288	0.00567895597578171	0.00506700990579758	0.00473087281048738	0.00512212034737512
1.46293989755698	0.692081385945124	0.0966309723227638	0.0597265761640027	0.038087971463789	0.0259078449717298	0.0187525914995776	0.0142400965739535	0.0112169241318778	0.0090987954825434	0.00756537076363706	0.00643119785282988	0.00558820189910397	0.0049843646799133	0.00465229593362438	0.00503541031552959
1.4279734933126	0.694885816235719	0.0960445351538813	0.0593039279390707	0.0377555864512892	0.0256407056410563	0.0185354307805582	0.0140611556145987	0.0110672521357536	0.00897171177488026	0.00745586063001232	0.00633539961265798	0.00550297826798755	0.00490682231571397	0.0045786290161556	0.00495418843066583
1.395002568613	0.697559203292069	0.0954787466311875	0.058898045837398	0.0374379167847009	0.0253863147883622	0.0183292024663311	0.0138915961299372	0.0109256817136567	0.0088516858198171	0.00735256135287498	0.00624513032755273	0.0054227466255388	0.00483388067757245	0.00450938413564478	0.00487790341735648
1.36384737322378	0.700112115434059	0.0949323209281779	0.0585077543118952	0.0371338388120389	0.0251436454757416	0.0181329918419368	0.0137306098338708	0.0107914982386054	0.00873808291688603	0.00725490529873952	0.00615987771160531	0.00534703893756953	0.00476510389627592	0.00444413830506581	0.00480607805753251
1.33435002818228	0.702553928820732	0.0944040847036095	0.0581319945895978	0.0368423490633933	0.0249117854183183	0.0179459894223854	0.013577483604736	0.0106640728131049	0.00863034570266154	0.00716239491805084	0.00607919345131534	0.00527544619889873	0.00470011156366631	0.00438252280599772	0.00473829692353276
1.30637121061375	0.704892998086018	0.0938929647212424	0.0577698098349634	0.0365625479091316	0.0246899208136627	0.0177674757358048	0.0134315854572212	0.0105428494333198	0.00852798241939359	0.0070745919948505	0.00600268329723753	0.00520760921220495	0.0046385700018927	0.00432421458332222	0.00467419649973478
