7.63191635550701	0.262057379409936	0.131028689704968	0.0873524598033121	0.0655143448524841	0.0524114758819873	0.0436762299016561	0.0374367684871338	0.032757172426242	0.029117486601104	0.0262057379409936	0.023823398128176	0.021838114950828	0.0201582599546105	0.0187183842435669	0.0174704919606624	0.016378586213121	0.0154151399652904	0.014558743300552	0.0137924936531545	0.0131028689704968	0.0124789228290446	0.011911699064088	0.0113937991047798	0.010919057475414	0.0104822951763975
5.16907446149307	0.335808339231035	0.152770698236174	0.0945655570752821	0.0666497685460176	0.0505184632608608	0.0401284869380169	0.0329400468163404	0.0277067794006283	0.0237485805260129	0.0206643756226897	0.0182031508561397	0.0162002342244381	0.0145433827812677	0.0131536230910203	0.0119738825728209	0.0109619609048282	0.0100860302267638	0.00932166635636635	0.00864983813844748	0.00805551399792565	0.00752667633790791	0.00705361160604525	0.00662839049703747	0.00624448170655938	0.00589646104937386
4.26814993040785	0.372605581662819	0.160658374742252	0.0955812226605548	0.0652643471981061	0.0481777477808083	0.0374112211611007	0.0301065640087327	0.0248817608771657	0.0209930199235093	0.0180073417438651	0.0156570073027283	0.0137683897250296	0.0122244212979343	0.0109435791892349	0.00986752386721964	0.00895352007629757	0.0081696234407348	0.0074915292650704	0.0069004542249034	0.00638167887025012	0.00592352389526658	0.00551661771011723	0.00515336367618701	0.00482754673244882	0.0045340389676635
3.73103812886305	0.398155695719387	0.164930731919442	0.0953543563638686	0.0636789242644697	0.0461653744099157	0.0353090961825862	0.0280479268826631	0.0229193457904425	0.0191450311163847	0.0162765386443004	0.0140392348376543	0.012256580822638	0.010810525589265	0.00961949519085463	0.00862553602070811	0.00778648485293207	0.00707102767899694	0.00645548445754872	0.00592166024984562	0.00545537487715585	0.00504543563759586	0.00468290606874736	0.00436057664238383	0.00407257577664478	0.00381408000356871
3.35786879615028	0.417857585127564	0.167538925529371	0.0946904012007168	0.0621567878664944	0.0444476340665376	0.0336128661157138	0.0264468264431406	0.0214345282059534	0.0177773302128826	0.0150190103435082	0.0128823472870092	0.0111904112036909	0.00982566827081397	0.00870739666299702	0.00777857275893212	0.00699792886439448	0.00633496733026724	0.00576673219603933	0.00527566163105392	0.00484812498520622	0.00447340496578389	0.00414297603012681	0.00384998404074965	0.00358886525254945	0.00335506340850309
3.0769791019073	0.433915767106192	0.169218104932063	0.0938516821799894	0.0607470408774839	0.0429636020809271	0.0322011618416217	0.025147993148523	0.0202533587443485	0.0167064234863714	0.0140473698260072	0.0119986239820829	0.010384085162637	0.00908740537911823	0.00802907507943034	0.00715318461512013	0.00641944407635082	0.00579819561334325	0.00526719719886087	0.00480949139704469	0.00441195881780629	0.00406431516036909	0.00375840245308359	0.00348767954296678	0.0032468501037366	0.00303158719452287
2.85470441818485	0.447468934052525	0.170321081665094	0.092946254467525	0.0594523034579624	0.0416645142401294	0.0309990004887092	0.0240632103686708	0.0192815242733907	0.0158359797208662	0.0132656464938143	0.0112938467633167	0.00974593712211662	0.00850706114819953	0.00749905580685853	0.00666716780859689	0.00597207867957953	0.00538493908325925	0.0048841779672103	0.00445339505478166	0.00407993477095049	0.00375390031340807	0.00346745880268223	0.00321434303962464	0.00298948861193073	0.00278876579879778
2.67265059544787	0.459187942671821	0.171041828263504	0.0920242875748323	0.0582634624956005	0.040513947553437	0.0299570763562423	0.0231374666386382	0.0184620869312866	0.0151091845660645	0.0126182671796201	0.010714278238504	0.00922435850800579	0.00803527227755061	0.00707023343563419	0.00627562697855998	0.00561306537894011	0.00505445853048049	0.00457885534748512	0.00417036353561629	0.00381674564811048	0.00350845082028815	0.00323793392323134	0.00299916840598154	0.00278729218843304	0.00259834655213171
2.51972676998582	0.469503422915558	0.171496900635107	0.0911105737645343	0.0571690565703741	0.0394846582734218	0.0290413193046035	0.0223341612411322	0.0177580797506936	0.0144898133874425	0.0120703064003604	0.0102265501776866	0.00878763147952736	0.00764197295263248	0.00671414582524118	0.00595162923064562	0.00531691394991519	0.00478261579858746	0.00432835331195717	0.00393869629207817	0.00360178441007841	0.00330837648884245	0.00305118330293633	0.00282439105704971	0.00262331560280204	0.00244414787679251
2.38876166856178	0.478709146423045	0.171760901923576	0.0902176219789088	0.0561580589053571	0.03855594891464	0.0282272445452192	0.0216277426526748	0.0171441929404881	0.0139534260841462	0.0115984771521672	0.00980863253221242	0.00841499235729281	0.00730762630185618	0.00641241925058878	0.00567789000861315	0.00506735235170866	0.00455407620131699	0.00411820303930957	0.00374472358164548	0.00342211868343958	0.00314142568144459	0.00289558427889574	0.00267897010799128	0.00248705676363374	0.00231616733982872
2.2748691277137	0.487014876934352	0.171883898740313	0.0893515889397418	0.0552206456985178	0.0377118105012554	0.0274966909233773	0.020999694489668	0.0166023772336859	0.013482805983765	0.0111865370113896	0.00944528689917338	0.00809218095337787	0.00701889818302206	0.00615258250708272	0.00544273516356282	0.00485343908406841	0.00435857005722177	0.00393875033280742	0.00357935512289008	0.00326917521744518	0.00299949972013908	0.00276347437560601	0.00255564463718674	0.0023716250140677	0.00220785627628259
2.17458129590903	0.494575816882713	0.171900753368453	0.088515199100685	0.0543483042240915	0.0369396453218817	0.0268358337346047	0.0204361910308065	0.0161193373598447	0.0130654031712418	0.010822746514503	0.00912557787427895	0.00780902642440734	0.00676632900870857	0.0059258299393681	0.00523795652883779	0.00466751024275425	0.00418892869619057	0.00378327719334559	0.00343628339026708	0.00313702085154018	0.00287700743882877	0.0026495754196896	0.00244942347239302	0.00227229286763602	0.00211472994292859
2.08535501388184	0.501510125871612	0.17183646859338	0.0877092732063847	0.0535337283869147	0.0362293831706901	0.0262339187991287	0.0199266521599597	0.0156850175095851	0.0126918114641261	0.0104983718404416	0.00884142030723362	0.0075580489598856	0.00654299435068325	0.00572574221498019	0.00505759218582372	0.00450401747063875	0.00403997765801162	0.00364694750925679	0.00331097891641799	0.00302140455053806	0.00276995114489775	0.00255012073812077	0.00235675107584546	0.00218569818139182	0.00203360373405277
2.00527442219066	0.50790989737587	0.171709414517882	0.0869335661612398	0.052770658776378	0.0355728602035882	0.0256824253852919	0.0194628131235373	0.0152916425748186	0.0123548159789996	0.0102067574314283	0.00858668667280597	0.00733360641937882	0.00634369235535679	0.0055475142915919	0.00489719376892641	0.00435883285105004	0.00390787716381876	0.00352618100116365	0.00320009561128565	0.00291919206303796	0.00267538867888928	0.00246234279455393	0.00227501905245294	0.00210937795118633	0.0019621477954673
1.93286340179281	0.513848332305322	0.171533361964528	0.0861872423399308	0.0520537225685009	0.0349633744624005	0.025174494983726	0.0190381038003808	0.0149330875558929	0.0120487733407178	0.00994272759550567	0.00835663513029709	0.00713135082220252	0.00616442890149548	0.00538746851865736	0.00475336627502427	0.00422881394125148	0.00378971079779142	0.00341826397485508	0.0031011020595278	0.00282801631498429	0.00259110154742747	0.00238415780102861	0.00220226607529801	0.00204148247795138	0.00189861444530285
1.86696270750376	0.519384593785411	0.171318810238198	0.0854691519564914	0.0513782911475499	0.0343953620980402	0.0247045308462395	0.0186472217909135	0.0146044493068697	0.0117691947125765	0.00970218694912699	0.00814753001628955	0.00694786962925044	0.0060020793813589	0.00524273608699035	0.00462346808691003	0.00411152117012244	0.00368321906459441	0.00332109785925668	0.00301204392147065	0.00274605263014934	0.00251538199803002	0.00231396375956117	0.00213698608083961	0.00198059297308971	0.00184166451067055
1.80664686053696	0.524567190975884	0.171073880551971	0.0847779943293898	0.0507403592973385	0.0338641575132471	0.0242679106151868	0.0182858311234741	0.0143017476535905	0.0115124572314577	0.00948184576495537	0.0079563824395338	0.00678044172468628	0.00585415958772933	0.00511104203364861	0.00450540917762145	0.00400502828975023	0.00358662115522878	0.00323303140032148	0.00293138572858634	0.00267186936509854	0.00244689179566869	0.00225050674389018	0.00207800147689485	0.00192560116664431	0.00179025285820175
1.75116637189471	0.52943639788091	0.170804932848275	0.0841124149962179	0.0501364447632265	0.0333658128859715	0.0238607758618328	0.017950344808755	0.0140217118364892	0.011275599382641	0.00927902639928236	0.00778076838434142	0.00662686705257372	0.00571866636141235	0.00499055620635334	0.00439751163885924	0.00390779171629769	0.0034984923814026	0.00315274551744813	0.00285790254371352	0.00260432580883065	0.0023845658492478	0.0021927897886053	0.00202437687465249	0.00187562750276273	0.00174355070989742
1.69990661089343	0.534026020550113	0.170517001236704	0.0834710632684705	0.0495635054387716	0.0328969604199855	0.0234798751583598	0.0176377648098764	0.0137616247560844	0.011056172785887	0.00909152386211252	0.00761869829836916	0.00648534495747691	0.0055939641865828	0.00487978752208339	0.00429841099141867	0.00381855829874977	0.00341767784525748	0.00307917236064793	0.00279060393772416	0.00254250065533647	0.00232754479799305	0.00214000924541086	0.00197535890535458	0.00182996413832177	0.00170089157290931
1.65235790898025	0.538364713127844	0.170214107428125	0.0828526257273117	0.049018871231566	0.032454705825476	0.0231224451862098	0.017345562218044	0.0135192073045506	0.0108521328189567	0.00891750344630538	0.00746852174959061	0.00635438556343076	0.00547870284311443	0.00477750739659096	0.00420698489670296	0.00373629884196354	0.00334323033870984	0.00301143718956699	0.00272867948997364	0.00248564080346468	0.00227512682202807	0.00209150934582471	0.00193033330349336	0.00178803433899967	0.00166173276215646
1.60809342794879	0.542476974601165	0.169899490255305	0.0822558449174716	0.0485001879431126	0.0320365449600454	0.022786119368406	0.0170715861449155	0.0132925310772585	0.0106617565544747	0.00875542428034479	0.00732885650591029	0.00623274407397907	0.00537175653436271	0.00468269328672358	0.00412230071211332	0.00366015930022761	0.00327436483258226	0.00294881584891205	0.00267145897273059	0.00243312400264167	0.00222673252844079	0.00204674913057569	0.00188879370375459	0.00174936298673635	0.00162562747780987
1.56675250685162	0.546383915128058	0.16957577632867	0.0816795288793173	0.048005370908441	0.0316402978774388	0.0224688567477809	0.0168139934904987	0.0130799515491679	0.0104835802720569	0.00860398136890384	0.00719853496063488	0.00611937129456888	0.00527217816796361	0.00459448638636258	0.00404357627564194	0.00358942434993923	0.00321042456552717	0.00289070313018273	0.00261838276886521	0.00238443113383135	0.00218187892443612	0.00200527796299928	0.0018503185595478	0.00171355478307585	0.00159220418609033
1.52802794720317	0.550103853180905	0.169245108666569	0.0811225550117377	0.0475325665474951	0.0312640561228938	0.0221688859789913	0.0165711941282751	0.0128800562532368	0.0103163512391506	0.00846206104795799	0.00707656309601053	0.00601337584283409	0.00517916452333535	0.00451215946589757	0.00397015015070635	0.00352348979727169	0.00315085539713031	0.00283658887688202	0.00256897955792646	0.00233912532504489	0.00214015982836922	0.00196671711707593	0.00181455380299378	0.00168027788780122	0.00156115115350827
1.49165617669987	0.553652786521648	0.168909244845578	0.0805838704564524	0.0470801203360146	0.03090614022423	0.0218846607550132	0.0163418076400202	0.012691624120469	0.0101589900521389	0.00832870632584804	0.00696208865405085	0.00591399491591463	0.0050920293687764	0.00443509210161545	0.00390145874907139	0.00346184139766856	0.0030951861487906	0.00278603969194507	0.00252284925366452	0.00229683599879541	0.00210123092126294	0.00193074573960666	0.00178119963519418	0.00164925146415404	0.00153220468207741
1.45740954870567	0.55704476775949	0.168569632728055	0.0800624903905316	0.0466465499988468	0.0305650651135139	0.0216148239904346	0.0161246288156952	0.0125135932366038	0.0100105609015883	0.00820308961309997	0.00685437616613303	0.0058205714141781	0.00501018246932461	0.00436275136939936	0.00383701852999009	0.00340403839944921	0.0030430133495854	0.00273868476086451	0.00247964979475233	0.00225724653421487	0.00206479819583979	0.00189709001183982	0.00175000033492519	0.00162023607667468	0.00150514004496977
1.42509024814144	0.560292206823773	0.168227469480369	0.079557495109993	0.0462305229673225	0.0302395117777647	0.0213581787859603	0.0159185998841046	0.012345035023618	0.00987024785863456	0.00808449104573485	0.00675278715878787	0.00573253584934864	0.00493311301841434	0.004294676633767	0.00377641199709473	0.00334970061616788	0.00299398926786171	0.00269420474084154	0.00243908680266152	0.00222008461599497	0.00203060892853311	0.00186551468489167	0.00172073630498646	0.0015930262021873	0.00147976442118668
1.3945254207139	0.563406116805249	0.167883747992476	0.0790680264673753	0.0458308373328503	0.029928303846618	0.0211136646981576	0.0157227879682912	0.0121851333807455	0.00973733578928586	0.00797228109281787	0.00665676431257899	0.00564939189746663	0.0048603764324301	0.00423046744428353	0.0037192765720953	0.00329849816807616	0.00294781242482532	0.00265232296321828	0.00240090540043875	0.00218511460632836	0.00199844454942793	0.00183581639939915	0.00169321779917914	0.00156744432678605	0.00145591132959908
1.36556324440884	0.566396315447155	0.167539293695815	0.0785932840208968	0.0454464056800545	0.0296303881258514	0.0208803381989709	0.0155363666370923	0.01203316769343	0.00961119486343709	0.00786590648085157	0.00656581867307451	0.00557070475938476	0.00479158373041439	0.00416977381649881	0.00366529567264255	0.00325014326578527	0.00290422000482137	0.00261279840170142	0.00236488367929227	0.00215213145808711	0.00196811495694067	0.00180781836231824	0.00166727992672126	0.00154333624754524	0.00143343620121774
1.33806973436697	0.569271591564071	0.167194793991166	0.0781325211200579	0.0450762413025179	0.0293448183093655	0.0206573564729776	0.0153586006976099	0.0118884988875772	0.00949126788326858	0.00776487871156479	0.00647951924204663	0.00549609170596167	0.00472639292161048	0.00411228836182672	0.00361419149678726	0.00320438357306955	0.00286298173053743	0.00257542000298116	0.00233082743534291	0.00212095581499538	0.00193945394430042	0.00178136606736532	0.00164277863836066	0.0015205672994828	0.00141221282515492
1.31192612408371	0.572039843475357	0.166850821936941	0.0776850410662465	0.0447194463990927	0.0290707412701941	0.0204439638951585	0.0151888335737485	0.0117505579025144	0.00937705984284143	0.00766876462604823	0.0063974844422312	0.00542521433933798	0.00466450196733834	0.0040577398649056	0.00356571914164351	0.00316099680272147	0.00282389488082188	0.00254000207895118	0.00229856589522832	0.00209143003515938	0.00191231549025866	0.0017563238261585	0.00161958747459637	0.00149901930040313	0.00139213047210154
1.28702670355759	0.574708194921677	0.166507855442254	0.0772501934306549	0.0443752019241269	0.0288073854584684	0.020239480677576	0.015026476764597	0.0116188361006583	0.00926812926815137	0.00757717859731198	0.00631937506956397	0.00535777221398674	0.00460564298821447	0.00400588800426819	0.00351966177451836	0.00311978628395857	0.00278678020786955	0.00250638053375464	0.00226794821867534	0.00206341493955218	0.00188657072786027	0.00173257193501937	0.00159759491111233	0.00147858805799135	0.00137309154817947
1.2632770227418	0.577283092724336	0.166166292911976	0.0768273705752004	0.0440427588250204	0.028554051031693	0.0200432932833134	0.0148710009878257	0.0114928772397088	0.0091640809889861	0.00748977602893508	0.00624488843584511	0.00529349754396468	0.00454957746456847	0.00395651898355828	0.00347582664120877	0.00308057730179303	0.00275147856831897	0.00247440975293018	0.00223884061679841	0.00203678713459438	0.00186210544982439	0.00171000434452901	0.00157670217629761	0.00145918132113362	0.00135500966763972
1.24059238928521	0.579770389534766	0.165826466071162	0.0764160043984186	0.0437214304485686	0.028310101417868	0.0198548462898498	0.0147219286975919	0.0113722707143944	0.00906456007053679	0.00740624790899512	0.00617375347122605	0.00523215078439982	0.00449609223502339	0.00390944189352072	0.00343404174539731	0.00304321405459095	0.00271784812552523	0.00244396002184286	0.0022111239622446	0.00201143679301642	0.00183881804201969	0.00168852672994319	0.00155682144497899	0.00144071708507934	0.00133780805903971
1.21889660505838	0.58217541432603	0.165488650532012	0.0760155633131024	0.0434105859361319	0.0280749560704535	0.0196736354485033	0.0145788277308632	0.0112566458365543	0.00896924669075668	0.00732631622249803	0.00610572660598931	0.00517351692158896	0.00444499614108925	0.00386448566471564	0.00339415306993345	0.00300755711030669	0.00268576201218078	0.00241491537036657	0.00218469179515979	0.0019872658032943	0.00181661776103412	0.00166805488363963	0.00153787433423802	0.00142312218059748	0.00132141823896057
1.19812089773042	0.584503032743332	0.165153074542812	0.0756255494529135	0.0431096444587862	0.0278480842199852	0.0194992017365562	0.0144413058857051	0.01114566696971	0.00887785179383511	0.00724973006672347	0.0060405882891842	0.00511740234125875	0.00439611719812008	0.00382149650097083	0.00335602223864419	0.00297348126774069	0.00265510636652068	0.00238717176322367	0.00215944864992068	0.00196418621758875	0.00179542329026938	0.00164851336810015	0.00151979064351189	0.00140633109269023	0.00130577890189701
1.17820301267565	0.586757699015571	0.164819926264162	0.0752454960993893	0.0428180701688101	0.0276289994633006	0.0193311262377237	0.0143090062736324	0.0110390293709265	0.00879011338436761	0.00717626234557869	0.00597814003090878	0.00506363217148698	0.00434930019783694	0.00378033570654181	0.0033195245385614	0.00294087374887215	0.00262577867366293	0.00236063557245018	0.00213530864350926	0.00194211894302799	0.00177516152297298	0.00162983438107145	0.00150250729355096	0.00139028496610019	0.00129083498598403
1.15908643744841	0.58894350080556	0.164489359845668	0.0748749653174464	0.0425353677643707	0.0274172550600527	0.0191690257173706	0.0141816033183016	0.0109364556213238	0.00870579335338932	0.00710570694360906	0.00591820187763698	0.00501204801758502	0.004304404666779	0.00374087783762349	0.00328454723879105	0.00290963266345384	0.00259768635769101	0.00233522228153946	0.00211219427861557	0.00192099263259146	0.00175576653132213	0.00161195679459851	0.00148596742826439	0.0013749307637661	0.00127653688265002
1.14071973648108	0.591064198120937	0.164161500520614	0.074513545785787	0.0422610785810195	0.0272124398291445	0.0190125487832317	0.0140587992966033	0.0108376925490299	0.00862467474825361	0.00703787629949067	0.00586061024761173	0.00496250602243082	0.00426130311993223	0.00370300912257263	0.00325098815491329	0.00287966569877734	0.00257074558096073	0.00231085538093265	0.0020900354239855	0.00190074274066628	0.00173717868892932	0.00159482533737498	0.00147011965077554	0.00136022055125296	0.00126283976477368
1.12305597790654	0.593123257205066	0.163836448892789	0.0741608508079803	0.0419947771373555	0.027014174556184	0.0188613725418235	0.0139403213370899	0.0107425085661004	0.00854655941474658	0.00697259931391523	0.00580521606715974	0.00491487519842983	0.0042198795604372	0.00366662610592244	0.00321875441769139	0.00285088899666109	0.00254488021559076	0.00228746542240285	0.00206876844187156	0.00188131071520453	0.00171934392055838	0.00157838989587663	0.00145491737067041	0.00134611088551617	0.00124970301295651
1.10605223775924	0.595123880165336	0.163514284555749	0.073816516490036	0.0417360680735388	0.0268221088379855	0.0187151996763219	0.013825918805746	0.0106506913550358	0.00847126595285108	0.00690971953872163	0.0057518831597176	0.00486903598729446	0.00418002818546035	0.00363163447971015	0.00318776141264409	0.00282322618689794	0.00252002095875039	0.00226498920606042	0.00204833543819921	0.00186264330378102	0.00170221305786568	0.00156260491445718	0.00144031824385184	0.00133256229053036	0.00123708972345787
1.08966916947332	0.597069030966141	0.163195069158074	0.0734802000707441	0.0414845834307041	0.0266359183022913	0.0185737558842638	0.0137153610212149	0.0105620458518316	0.00839862793797277	0.00684909360364688	0.0057004868480573	0.00482487901178569	0.00414165226559778	0.00359794807232647	0.0031579318631917	0.00279660755208048	0.00249610456861782	0.00224336907858785	0.00202868361560329	0.00184469195508854	0.00168574128394336	0.00154742887829995	0.00142628368990079	0.00131953880559751	0.00122496628443713
1.0738706287264	0.59896145830871	0.162878849007038	0.0731515783917698	0.0412399802271054	0.0264553021508049	0.0184367876236415	0.0136084352513787	0.0104763924815899	0.00832849236779377	0.00679058984469896	0.00565091273715993	0.00478230398991572	0.00410466317099427	0.00356548797042742	0.00312919503498968	0.00277096930324498	0.00247307320206411	0.00222255232519167	0.00200976471309672	0.00182741230077111	0.00166988765258578	0.00153282386606402	0.00141277847461186	0.0013070075947513	0.00121330200960078
1.05862334539183	0.600803715834464	0.1625656572862	0.0728303464953266	0.0410019382933119	0.0262799809817807	0.0183040601242872	0.0135049449511346	0.0103935656100892	0.00826071830166759	0.00673408710430571	0.00560305565078897	0.00474121878721948	0.0040689795220283	0.00353418175372545	0.00310148604299235	0.00274625294939495	0.00245087383846461	0.00220249064086045	0.00199153451901632	0.00181076370518223	0.00165461467070989	0.0015187551614143	0.00139977034757636	0.00129493860774991	0.00120206882030826
1.04389663574775	0.602598180018747	0.162255515948958	0.0725162163381501	0.0407701583341985	0.0261096948551359	0.0181753556282748	0.013404708207697	0.0103134121807084	0.00819517566494815	0.00667947367837985	0.00555681869934892	0.00470153858683111	0.00403452644618174	0.0035039628259254	0.00307474524595523	0.00272240474688093	0.00242945777673194	0.00218313966901226	0.00197395244620745	0.00179470887281328	0.00163988793437568	0.00150519091451106	0.00138722972645586	0.00128330428481338	0.00119124096875829
1.02966214921866	0.60434706606442	0.161948437339177	0.072208915611398	0.0405443601900381	0.0259442015686251	0.0180504718286895	0.0133075563650768	0.0102357905110015	0.00813174419511859	0.00662664638950211	0.00551211246030328	0.00466318516045596	0.00400123492577099	0.00347476982786706	0.00304891771564929	0.00269937521697239	0.00240878019484273	0.00216445859763099	0.0019569811602813	0.00177921350487991	0.00162567581047958	0.00149210184605698	0.00137512942101737	0.00127207929860388	0.00118079479614147
1.01589364484615	0.606052442057504	0.161644425581249	0.0719081866569788	0.0403242812728396	0.0257832751182528	0.017929220480767	0.0132133328037759	0.0101605692272566	0.00807031251025305	0.00657550976875041	0.00546885425544135	0.00462608622606755	0.00396904122371052	0.00344654612121442	0.0030239527701485	0.0026771187218784	0.00238879976290148	0.00214640980463003	0.00194058625329955	0.00176424599796955	0.00161194915751411	0.00147946098773467	0.00136344439115869	0.00126124032803526	0.00117070852066942
1.00256679344181	0.60771624160778	0.16134347777475	0.0716137854716511	0.0401096751573262	0.0256267043199756	0.017811426163274	0.0131218918553655	0.0100876263186965	0.00801077728336702	0.00652597533143803	0.0054269675117596	0.0045901748804054	0.00393788637652391	0.00341923933289764	0.00299980356226061	0.00265559309104278	0.00236947830223197	0.00212895854551977	0.0019247359564819	0.00174977717880778	0.00159868107986388	0.00146724345387441	0.00135215153409649	0.00125076585938451	0.00116096205122535
0.989659001999111	0.609340275164658	0.161045585023041	0.0713254807910181	0.0399003103087026	0.0254742915729968	0.0176969251712229	0.0130330978346359	0.0100168482957435	0.00795304250871218	0.00647796093428367	0.00538638119476694	0.00455538909620143	0.00390771574550022	0.00339280095204807	0.00297642671557547	0.00263475929082974	0.00235078048417482	0.00211207267755368	0.00190940088655057	0.00173578007014751	0.00158584671099033	0.00145542624001675	0.00134122949666242	0.00124063601090374	0.00115153682306378
0.97714925745806	0.610926240171274	0.160750733320353	0.0710430532462691	0.0396959689317031	0.0253258517476885	0.0175855645237174	0.0129468241745246	0.00994812943906282	0.00789701884814974	0.00643139020341078	0.00534702930471579	0.00452167127559482	0.00387847861828495	0.00336718597243465	0.00295378200176445	0.00261458113177933	0.00233267356324932	0.0020957224154326	0.00189455382116406	0.00172222968356474	0.00157342302158426	0.00144398804471328	0.00133065850928796	0.0012308323777279	0.00114241565254869
0.965017987346448	0.612475730196876	0.160458904317999	0.0707662945871876	0.0394964459274154	0.0251812111834936	0.0174772010729954	0.0128629526511412	0.00988137112802648	0.00784262304746999	0.00638619202413566	0.00530885042766952	0.00448896785246882	0.00385012785435016	0.00334235257446204	0.00293183205372595	0.00259502500849379	0.00231512714014901	0.00207988011439588	0.00188016949958638	0.00170910283558875	0.00156138864936526	0.00143290911146962	0.00132042023878447	0.00122133789436652	0.00113358260838312
0.953246935180602	0.613990243168271	0.160170075987045	0.0704950069655567	0.0393015479460859	0.025040206784116	0.0173717007026521	0.0127813726879823	0.00981648123884494	0.00778977741397738	0.00634230008480939	0.00527178733449304	0.00445722893750543	0.00382261956875162	0.00331826184166659	0.00291054210997172	0.00257605966794934	0.00229811295071486	0.00206452007715073	0.00186622444531458	0.0016963779841304	0.00154972374770615	0.00142217108820051	0.00131049765746	0.00121213671247655	0.00112502289716762
8.28716101092671	0.343966265528013	0.110188432872185	0.0762585238989308	0.0575127220151131	0.0460579527092437	0.0384192648420762	0.0329688183647226	0.0288849855380839	0.0257125629586281	0.0231787852384768	0.0211102369687157	0.0193915033737018	0.0179429351155451	0.0167079732278064	0.015645593757634	0.014725665235598	0.0139260778106723	0.0132310651017903	0.0126305028881484	0.0121203372146065	0.0117049710639045	0.0114044009012267	0.0112778573870978	0.0115375465426117	0.0134950194454672
6.03130948829695	0.416081411622641	0.119420682436109	0.0792424595488723	0.0572499324571036	0.0440710733756776	0.0354660379417431	0.0294495759744859	0.0250278656361479	0.0216554264862487	0.0190083792757261	0.0168826386963612	0.0151435262107197	0.0136988110435197	0.0124834087794337	0.0114502819671676	0.0105648319969051	0.00980136835595693	0.00914090481876916	0.00856991911810981	0.00808002282938226	0.00766893616022424	0.0073443396040723	0.00713743517819733	0.00716895716883246	0.00819177331759307
5.09193141886319	0.453274427908938	0.12196551884347	0.0791966086095697	0.0559401563147453	0.0421887362224355	0.0333368020823272	0.0272306657210524	0.0227993137760728	0.0194592611860732	0.0168665824988819	0.014806099046757	0.0131367904608511	0.0117627184537378	0.0106165950046873	0.00965004819330166	0.0088276376483633	0.00812308204334101	0.00751687528737492	0.0069948715816899	0.00654771547728201	0.00617136997986209	0.0058699212438465	0.00566590363986148	0.00565099348412055	0.00640130529135729
4.50805979749595	0.479072738758156	0.122827238544525	0.0785709685618547	0.0546262279387871	0.0406129593094955	0.0316906271440707	0.0255986758496791	0.0212192502540928	0.0179471540123236	0.0154278330113202	0.0134407657604591	0.0118422540860555	0.0105350708783352	0.00945137322291145	0.0085426166904395	0.00777337278774845	0.00711743597286691	0.0065553536756346	0.00607292762688307	0.00566052426297605	0.00531337131189535	0.00503380823980035	0.00483988134288961	0.00480783655609275	0.00541973420070702
4.0924484514287	0.498873878971387	0.122982524457778	0.0777757192926581	0.0534146645061521	0.0392772864142621	0.0303559017241114	0.0243148430566671	0.0200047571329393	0.0168067723531132	0.0143602227247408	0.0124419160848473	0.010907118996868	0.0096583564772076	0.00862790824948433	0.00776751085584023	0.00704206300425288	0.00642566887806909	0.00589912436473767	0.00544837410071602	0.00506375280519725	0.00474013971120758	0.00447885893885931	0.00429516975778077	0.00425550993652641	0.00478195720459715
3.77435767892445	0.514927072334319	0.122784736065395	0.0769377728918036	0.0523136425604571	0.0381250137243651	0.02923857641935	0.0232628611809509	0.019026163441948	0.0159006089666987	0.0135219720378428	0.011665850269555	0.010187338183651	0.00898923502321151	0.00800426441266765	0.00718464490244132	0.00649573186545448	0.00591202848815646	0.00541465101766038	0.00498976226427537	0.00462777017462939	0.00432338660752106	0.00407728427141755	0.0039028096979855	0.00385952379791002	0.00432729940033271
3.51948880002984	0.528404160639599	0.122394687365286	0.0761050871902019	0.0513130866375586	0.0371155880858603	0.0282814996148078	0.0223764161293895	0.0182122577549619	0.0151551242889318	0.0128388083487497	0.0110385684335295	0.00960981939994343	0.00845591595971945	0.00751018606721613	0.00672542084210616	0.00606748311629372	0.00551130507312914	0.00503834598517039	0.00463501425858521	0.00429183860956357	0.00400345861459008	0.0037701016191079	0.00360371402062371	0.00355872331386548	0.00398338863120882
3.30867793177804	0.539998222832261	0.121895609490804	0.0752971253086854	0.0504002477410623	0.0362199925544936	0.0274472993510075	0.0216139254461051	0.0175195594132605	0.0145262864906374	0.0122669508450806	0.0105170198643292	0.009132522443529	0.00801752436679728	0.00710603700039639	0.00635146065611612	0.00572017947066491	0.00518755779672796	0.00473539884642835	0.00435036277421857	0.00402312011347315	0.00374829165269816	0.00352578634118483	0.0033664780910095	0.00332079106117882	0.0037122500478503
3.13017124389457	0.550154821263391	0.121334283955634	0.0745215291519235	0.0495633231084161	0.0354169838906644	0.0267101852256136	0.0209475568086669	0.0169195524818395	0.0139856593592436	0.0117784764982204	0.0100740366040619	0.00872916138492914	0.00764871272393082	0.00676742036938773	0.00603930241338494	0.00543125985791353	0.00491907975708034	0.00448490020918134	0.00411562932175748	0.00380208729425681	0.00353890751518749	0.00332576364825115	0.00317267984413717	0.0031268555535625	0.00349183175936439
2.97626411018431	0.5591779584442	0.1207385305812	0.073780630840949	0.0487921815003264	0.0346906193016609	0.026051610244646	0.0203577637649583	0.0163925355509904	0.0135138427974113	0.0113545314778855	0.0096914359880447	0.00838227949448221	0.00733276334000869	0.0064783456523345	0.00577365585474705	0.00518609821141126	0.00469186712495081	0.0042734220702982	0.0039179106544686	0.00361630372624719	0.00336326610949112	0.00315829311989236	0.00301071772595423	0.0029650762702761	0.00330836015316497
2.84164711572408	0.567284557267483	0.120125559557194	0.0730742855603557	0.0480783203040766	0.0340286590761662	0.0254577943658734	0.0198302996934704	0.015924343004872	0.0130970353395902	0.010981820394544	0.00935649224125132	0.00807973968170977	0.00705812144764882	0.00622781957156252	0.00554406026380176	0.00497473301216368	0.00449642172922432	0.00409189202042273	0.0037485205018721	0.00345742602593077	0.00321331620625027	0.00301554843329021	0.00287288156850535	0.00282760861644985	0.00315274411629156
2.72251557787748	0.574634926756867	0.119506311941288	0.0724011969774648	0.0474146372280221	0.0334215168702984	0.0249182245801433	0.0193544682263728	0.0155044617174501	0.0127250874292041	0.0106506400619444	0.00905997854280176	0.00781279249157704	0.0068165001097019	0.00600799442972069	0.00534307968307807	0.004790110652464	0.00432604220067841	0.00393393046075915	0.00360136987658703	0.00331962276748297	0.00308344626988147	0.0028920893833072	0.00275382585525714	0.00270902821520092	0.00301871727244724
2.61605600994037	0.581350929338126	0.118887865341505	0.0717595678343036	0.0467951859599487	0.03286155260908	0.0244247022867203	0.0189220409744271	0.0151248850769631	0.0123903309963177	0.0103537085799992	0.00879501034731989	0.00757494263549793	0.00660177522481669	0.00581309441272703	0.00516526168926155	0.00462707671143191	0.00417584693528545	0.00379490376327924	0.00347204829474715	0.00319868085438306	0.00296961190248234	0.00278400414284345	0.00264971550129152	0.00260545225778622	0.00290180632945608
2.52013337864789	0.587527380374698	0.118274836556915	0.0711474281533298	0.046214962037335	0.0323425840874161	0.0239707142390097	0.0185265581806526	0.0147793827631475	0.012086841365839	0.0100854330695237	0.0085563270961798	0.00736124940932831	0.00640930721726302	0.00563875971606191	0.00500650419581523	0.00448176504574497	0.00404218463563777	0.00367135506892622	0.00335727329652673	0.00309147181006303	0.00286881629910717	0.00268840003243354	0.00255772016529545	0.00251402087419573	0.00279872430955465
2.43309200663048	0.59323950388536	0.117670233505541	0.0705628018570938	0.0456697269184588	0.0318595416465081	0.0235510034128931	0.0181628602722516	0.0144630175044557	0.0118099532451248	0.00984143301848948	0.00833982758041794	0.00716787662085445	0.00623550676309583	0.0054816284708068	0.00486365344319037	0.00435121135377913	0.00392226271243474	0.00356064659804167	0.00325454555247103	0.0029956183325972	0.00277878652200125	0.00260308703922039	0.00247570076249982	0.0024325764486644	0.00270699653374902
2.35362406471123	0.598547979800736	0.11707599031007	0.0700037895629588	0.045155866838117	0.0314082187737335	0.0231612680563468	0.0178267644559436	0.0141718149909651	0.0115559327842613	0.00961821945969155	0.0081422589620198	0.00699179283647704	0.00607754682169754	0.00533906060953125	0.00473423942867684	0.00423309969472884	0.00381390428119108	0.0034607264087457	0.00316192456594154	0.00290927798818147	0.00269776400132741	0.00252637347623452	0.0024020075104945	0.00235945749875292	0.00262472088317583
2.28067996096226	0.603502461740283	0.116493312876139	0.0694686069130338	0.044670280413362	0.0309850885084934	0.022797945555017	0.0175148356204065	0.0139025322460355	0.0113217491270412	0.00941297281316528	0.00796100252859647	0.00683056578904462	0.00593316590967216	0.00520894989958994	0.00461629639825556	0.00412559101907537	0.00371538423514701	0.00336997145984401	0.00307787811741251	0.0028309983483752	0.00262436453293609	0.00245692970875527	0.0023353455173733	0.00229336176917361	0.0025504089537722
2.21340562763982	0.608144090749877	0.115922907353274	0.068955599084274	0.0442102891432924	0.0305871659538736	0.0224580539666809	0.0172242203912167	0.0136524912690285	0.0111049114180645	0.00922338524327475	0.00779392237134246	0.00668221775846193	0.00580053021963905	0.00508959263173412	0.00450823781731122	0.00402720406418217	0.00362531566680892	0.00328707912991602	0.00300117842213149	0.00275961727965373	0.00255748210096548	0.00239369471255418	0.00227468278333471	0.00223325269757028	0.00248287777153789
2.15109760541891	0.612507330867585	0.115365134168661	0.0684632426041599	0.0437735658801021	0.0302119037162258	0.0221390737075717	0.0169525245688609	0.0134194571121288	0.0109033500638812	0.00904754638919247	0.00763925616530669	0.00654512158012908	0.00567813480416945	0.00497959379499181	0.0044087672781464	0.00393673069605139	0.0035425693237441	0.00321099045265497	0.00293082879454252	0.00269419265777416	0.00249622120271069	0.00233581043488439	0.00221918568163719	0.00217829392704255	0.00242117412784632
2.09317021625577	0.616621335125779	0.114820113614125	0.0679901405831826	0.0433580773522217	0.0298571112733938	0.0218388577841114	0.0166977210421983	0.0132015469158636	0.0107153286338084	0.0088838589709354	0.00749553482270167	0.00641792440858982	0.00556473135645889	0.00487779869495619	0.00431681373100559	0.00385317450581725	0.00346621531302941	0.00314083466607971	0.00286601077150827	0.00263395177706354	0.00243984821584197	0.00228257469775891	0.00216817273475535	0.00212780245922666	0.00236452054958838
2.03913113848815	0.620510979275664	0.114287799235185	0.0675350147584404	0.0429620376894817	0.0295208920082227	0.0215555626980572	0.0164580795366095	0.0129971609600926	0.0105393774235608	0.00873097541769023	0.00736152238072988	0.00629949086334098	0.00545927450555405	0.00478324223339562	0.00423148355535579	0.00377570546832573	0.0033954801392193	0.00307588842114637	0.00280604528009634	0.00257825425575417	0.00238775579244724	0.00223340676547762	0.00212108086641525	0.00208121449859992	0.00231227597113718
1.98856294212529	0.624197655807517	0.1137680294303	0.0670966962370852	0.0425838705969182	0.0292015934718419	0.0212875945738863	0.0162321122831261	0.0128049296578322	0.0103742426226057	0.00858774957179949	0.00723617034547971	0.00618885997609694	0.00536088125653751	0.00469511069388384	0.00415202452711584	0.0037036259219697	0.0033297145280924	0.00301554528253224	0.00275036364854675	0.00252656438447772	0.00233943635371675	0.00218782174633805	0.00207744034385178	0.00203806012413524	0.00226390661431359
1.94110892954251	0.627699892051381	0.113260564068909	0.0666741159798259	0.0422221783641842	0.0288977676853783	0.0210335666627665	0.0160185314806641	0.0126236722836717	0.0102188469095857	0.00845319938875705	0.00711858254285085	0.00608521213840859	0.00526879992927758	0.00461271254200055	0.00407779834148235	0.00363634467409317	0.00326836897701178	0.00295929258952147	0.00269848564478218	0.00247843020640276	0.00229446206274653	0.00214541127414315	0.00203685588929592	0.00199794421912133	0.0022189640937379
1.89646213734485	0.631033837162798	0.112765110666016	0.0662662955810067	0.0418757163106968	0.0286081391502964	0.0207922654642854	0.0158162156186103	0.0124523644668394	0.0100722585439871	0.00832647778087134	0.00700798772540335	0.00598784340990836	0.00518238607052836	0.00453545582827455	0.00400825938918276	0.00357335703412196	0.00321097493202498	0.00290669366797833	0.00265000261646327	0.00243346747716746	0.0022524694870626	0.00210582873005785	0.00199899224636254	0.00196053191449316	0.00217706872556314
1.85435669367167	0.634213650016265	0.112281343188077	0.0658723386246482	0.041543371581043	0.0283315788436489	0.0205626234565492	0.0156241825425657	0.0122901123181192	0.00993366686069082	0.00820684957601036	0.00690371798513452	0.00589614532164455	0.00510108355945043	0.00446283049787682	0.00394293817074992	0.00351422923525306	0.0031571301238101	0.00285737399139006	0.00260456439061253	0.00239134721619408	0.00221314770832826	0.00206877779788948	0.00196356301337426	0.0019255373382632	0.0021378966424119
1.81456095417037	0.637251811255348	0.111808915604789	0.0654914227374207	0.041224145444399	0.0280670829071756	0.0203436969507584	0.0154415677124956	0.0121361316388836	0.0098023626497688	0.00809367312620781	0.00680519156819049	0.00580958883504808	0.00502440963171517	0.00439439439504288	0.00388142819671802	0.0034585861490023	0.0031064870192848	0.00281101029618178	0.0025618689820099	0.00235178593779435	0.00217622900124357	0.00203400350102162	0.00193032190623795	0.00189271482099261	0.0021011697322705
1.77687199754774	0.640159376620721	0.111347471660379	0.0651227923701259	0.0409171384342923	0.0278137550522091	0.0201346479605292	0.0152676065023112	0.0119897310667334	0.00967772230591561	0.00798638549280752	0.00671189906611506	0.00572771148082789	0.00495194289572231	0.00432976208325037	0.00382337553981019	0.00340610150088511	0.00305874363630613	0.00276732193470142	0.00252165442639779	0.00231453790715275	0.00214148145163086	0.0020012851105182	0.00189905585137534	0.00186185194941374	0.00206664769986897
1.74111117199757	0.642946184329942	0.110896651903575	0.0647657522902381	0.0406215378049834	0.0275707919316645	0.0199347292463671	0.015101619676212	0.0118502983015259	0.00955919491695697	0.00788449041170539	0.006623392224907	0.00565010695762422	0.0048833136586046	0.00426859583508784	0.00376847042726375	0.00335649000729463	0.00301363617103799	0.00272606394249023	0.00248369223959834	0.00227938894405924	0.00210870305524794	0.00197043048062937	0.00186957947338182	0.00183276402725234	0.00203412174234988
