6.87910504528152	0.290735493474087	0.145367746737043	0.0969118311580288	0.0726838733685216	0.0581470986948173	0.0484559155790144	0.0415336419248695	0.0363419366842608	0.0323039437193429	0.0290735493474087	0.0264304994067351	0.0242279577895072	0.0223642687287759	0.0207668209624348	0.0193823662316058	0.0181709683421304	0.0171020878514169
4.54144454122997	0.368968374686777	0.164468761382299	0.100350039277679	0.0699477483443286	0.0525476859670926	0.041432876900844	0.0337984599178333	0.0282761020612187	0.0241232054885531	0.0209040523865386	0.0183472305824211	0.016275470137287	0.0145684405134915	0.0131418072623043	0.0119348472599561	0.0109028168382121	0.0100120809931636
3.7011127797461	0.407292400337038	0.170462774942421	0.0993771988383119	0.0668404617325017	0.0487636951126227	0.0375088326791157	0.0299503980628196	0.0245916005311023	0.0206338305871869	0.0176158230384381	0.0152544267433815	0.0133672155174384	0.0118319357486625	0.0105639320158155	0.00950293949627517	0.00860502745101426	0.00783750716585432
3.20585692388991	0.43359653411721	0.173261928506775	0.0978108196383122	0.0642015784922742	0.0459366833325137	0.0347730584082304	0.0273936230831047	0.0222332685474273	0.0184680039024894	0.0156276178532607	0.0134266275809435	0.0116829514364348	0.0102756960078353	0.00912186499482726	0.00816284511077716	0.0073562267541623	0.00667067223342247
2.8648437347621	0.453701321931597	0.174670899266947	0.0961615919013427	0.0619598990882353	0.0436974758776934	0.0326950766511786	0.0255095763717454	0.0205364292115599	0.0169400626555234	0.0142482688736216	0.0121768418446701	0.0105459365259812	0.00923699638240174	0.00816916018904925	0.00728566443693591	0.00654566470489646	0.00591913408662103
2.61005582900967	0.469970417188547	0.175344744530164	0.0945609527472671	0.0600275949544114	0.0418558869886189	0.0310359639239128	0.0240377180058138	0.019233453494898	0.0157833105298628	0.0132164739294601	0.0112515932982059	0.00971176232312637	0.00848102819833713	0.00748071439924336	0.00665585069400706	0.00596705293263561	0.00538548186148879
2.40970950779612	0.48361851856844	0.175587084164162	0.0930464017253983	0.0583378838088882	0.0403006898775251	0.0296662244020281	0.022842794646845	0.0181895811477004	0.0148666288967966	0.0124062857677978	0.0105307629070757	0.00906631639973188	0.00789960211028155	0.00695403803560312	0.00617632099057156	0.00552839300186271	0.00498247354929152
2.24652133140382	0.495357903344698	0.175559308565601	0.0916256313755829	0.0568419337642266	0.0389611267214626	0.0285076251863015	0.0218456230957421	0.0173277014417345	0.0141163384185253	0.0117479891434324	0.00994871334802572	0.00854794177173463	0.00743484152395065	0.0065347909588068	0.0057960151201615	0.00518165219269482	0.00466486402731886
2.11011575284941	0.505643800892377	0.175355206338442	0.0902959158608194	0.0555036487168131	0.0377893992492293	0.0275093134406509	0.0209959780773437	0.0165997827388969	0.0134872038448395	0.0111992943803065	0.00946603576021894	0.00811994899929148	0.00705257716228431	0.00619111650983627	0.00548518779693215	0.00489900839532431	0.00440658183639467
1.99381111213688	0.514785508568231	0.175032819163461	0.0890509690543536	0.0542958122194369	0.0367517260854115	0.0266364229447017	0.020260102470732	0.0159740201447288	0.0129496272449054	0.0107328040384048	0.00905741403612206	0.0077589411597576	0.0067311591967441	0.00590294529080363	0.00522519547059379	0.00466310372725761	0.00419142918435488
1.89307191481865	0.5230030432184	0.174629781790841	0.0878835836602355	0.0531974826022662	0.0358233727238626	0.0258640513595998	0.0196142845767473	0.0154283525017632	0.0124832842474799	0.0103298616604604	0.00870573131664164	0.0074491960861047	0.00645611767655316	0.00565692745561904	0.00500368936491024	0.00446248480353155	0.00400875495498324
1.80469045125214	0.530458619130849	0.174171385094955	0.0867866749940266	0.0521922428194866	0.0349857050425482	0.0251738264058971	0.0190412781526415	0.0149469066584648	0.0120736776210892	0.00997725510492131	0.00839893950121881	0.00717970541295238	0.00621736742052995	0.00544379609189661	0.004812128257363	0.00428925518918282	0.00385123710197767
1.72632205056546	0.537275325307524	0.173675107086737	0.0857536755705506	0.0512670067936709	0.0342243508332595	0.0245518302003692	0.0185281793181166	0.014517917669454	0.0117101432527974	0.00966532627463226	0.00812827797556886	0.00694250095281154	0.0060076373689314	0.00525689334041427	0.00464439460425912	0.00413777474826023	0.00371365870264377
1.65620582961933	0.543548798218902	0.173153297228274	0.0847786548124825	0.0504111887525653	0.0335280039820213	0.0239872844876635	0.0180651036643999	0.0141324483700109	0.0113846341624165	0.00938682743997104	0.0078872030726038	0.00673165466766209	0.00582153684969111	0.00509129813583233	0.00449597884888305	0.00400389579003054	0.00359219151659008
1.59298902332235	0.549354831365717	0.172614836366977	0.0838563218471751	0.049616113139144	0.0328876193290634	0.023471685253508	0.017644327951381	0.0137835673921223	0.0110909464313686	0.00913619824955778	0.00767071530558005	0.00654265341470158	0.0056549743787009	0.00494328541519088	0.00436347548277627	0.00388449264967567	0.0034839560273597
1.53561218724139	0.55475451282127	0.172066200313457	0.0829819809293326	0.0488745871520035	0.0322958545225217	0.0229982145242994	0.0172597141069941	0.0134658027319652	0.0108242084772909	0.00890909166436862	0.00747492055068769	0.00637199296742614	0.00550478177979751	0.00480997759352855	0.00424425928216776	0.00377716030237562	0.00338674028051363
1.48323172954976	0.559797797883249	0.171512161988257	0.0821514707419463	0.04818058546904	0.031746673299103	0.0225613294902085	0.0169063114347923	0.01317476757677	0.0105805336929988	0.00870205332894962	0.0072967346594643	0.00621690584370618	0.00536846308420291	0.00468911246423905	0.00413627029514319	0.00368001470745071	0.00329881404047831
1.43516617575309	0.564526057184969	0.170956266927985	0.0813611015506513	0.0475290138645543	0.0312350573225648	0.0221564686503099	0.016580075031449	0.0129068974779755	0.0103567779479363	0.00851229886713713	0.0071336791633175	0.00607517375752869	0.00524402205453702	0.0045788842217043	0.00403786693406734	0.00359155669608016	0.00321880234723293
1.39085799675679	0.568973934367904	0.170401162460033	0.0806075961783344	0.0469155293154785	0.0307567928598944	0.0217798372879269	0.016277662137596	0.0126592616006387	0.0101503664104875	0.00833755557365389	0.00698373661574854	0.00594499526239906	0.00512984081736546	0.00447783187650755	0.0039477230939767	0.00351057684043166	0.00314559730162408
1.34984592140739	0.573170726637344	0.169848829973769	0.0798880370135846	0.0463364012305956	0.0303083101851434	0.0214282480017864	0.0159962820453803	0.0124294245073574	0.00995916738628504	0.00817594757229971	0.00684524602658294	0.00582489036882195	0.00502459263078148	0.00438475923952393	0.00386475452803771	0.00343608749917352	0.00307829515353273
1.31174448081243	0.577141428271116	0.169300751581446	0.0791998195238522	0.0457884030749716	0.0298865608564093	0.0210990002453238	0.01573358361127	0.0122153431870371	0.00978139877222183	0.00802591099478363	0.00671682588324934	0.00571363052227769	0.00492717800030308	0.00429867644654695	0.00378806514311717	0.0033672733309048	0.00301615055516948
1.27622864615696	0.580907531344427	0.168758031478995	0.0785406119686559	0.0452687267754734	0.0294889226682972	0.0207897880171533	0.0154875696829125	0.0120152891517296	0.00961555759394748	0.00788613031996676	0.00659731655046339	0.00561018634325881	0.00483667710587388	0.00421875649751022	0.00371690715305244	0.00330345463248156	0.00295854271580138
1.24302212139954	0.584487648506492	0.168221485481532	0.0779083207005294	0.0447749144201166	0.0291131251428174	0.0204986282048085	0.0152565311202522	0.0118277886785945	0.009460366175353	0.00775548990197058	0.00648573653550445	0.00551368804187224	0.00475231384069613	0.00414430246257031	0.00365065105901426	0.00324405975735596	0.00290494997051982
1.21188830273082	0.587898003281417	0.167691707850467	0.0773010603575798	0.0443048032406614	0.0287571904763341	0.0202238043073056	0.015038995302881	0.0116515763946878	0.0093147304859711	0.0076330365805039	0.00638124884037288	0.0054233950296542	0.00467342825775817	0.00407472239697001	0.00358876271985559	0.00318860407515522	0.00285493040242527
1.18262321337083	0.591152820348861	0.167169121690037	0.0767171282707503	0.0438564809087898	0.0284193862661277	0.0199638217639708	0.014833685497269	0.0114855588142405	0.00917770753569361	0.00751795049750162	0.00628313476267965	0.005338672307213	0.00459945519799266	0.00400950991365819	0.00353078561797651	0.00313667371805605	0.00280810688918233
1.15504992169171	0.594264639338908	0.166654017305224	0.0761549824712154	0.0434282489203557	0.028098187318965	0.0197173721502003	0.0146394884690074	0.0113287853964822	0.00904847958047221	0.00740952207267119	0.00619077327250467	0.00525897191301737	0.00452990752703769	0.0039482289670145	0.00347632698665981	0.00308791288030642	0.00276415542995851
1.12901408716735	0.597244569453785	0.166146581638117	0.0756132227594199	0.0430185923812035	0.0277922445363574	0.0194833042235502	0.0144554284276274	0.0111804253540604	0.00892633351774364	0.0073071336583945	0.00610362461550409	0.00518381820037121	0.00446436285173875	0.003890501811304	0.00342504684462889	0.00304201378965383	0.00272279593654078
1.10438037368609	0.60010249782041	0.165646921024106	0.0750905743731788	0.0426261549032531	0.0275003593679125	0.0192606003168099	0.0142806458870338	0.0110397489067086	0.00881064428026846	0.00721024479006569	0.00602121715595382	0.00511279604352051	0.00440245289476983	0.00383599938077511	0.0033766492454061	0.00299870871204033	0.00268378489778741
1.08102953694047	0.602847261308109	0.165155078898944	0.0745858738619166	0.0422497176125938	0.0272214626853238	0.0190483569443108	0.0141143803791225	0.0109061120056746	0.00870086134209723	0.00711838022775649	0.00594313672976594	0.00504554130885213	0.00434385492158169	0.00378443353698362	0.00333087523239452	0.00295776352058331	0.00264690948398976
1.05885604076574	0.605486789236477	0.164671049656642	0.0740980568353692	0.0418881814909493	0.0269545971953322	0.0188457687572905	0.0139559562151791	0.0107789437932122	0.00859649766974053	0.00703112018574132	0.00586901796088085	0.00498173309489691	0.00428828476766535	0.0037355507702536	0.00328749712085171	0.00291897248023425	0.00261198276928384
1.03776609227063	0.608028222695034	0.164194789549914	0.0736261473076448	0.0415405524380773	0.0266989027078078	0.0186521151830772	0.0138047706782703	0.0106577362359263	0.00849712061136866	0.00694809229212564	0.00579853712729433	0.00492108736615278	0.00423549112512792	0.00368912704405507	0.00324631382168104	0.00288215398605788	0.00257883983038452
1.01767601130529	0.610478014925596	0.163726225302015	0.0731692484020423	0.0412059285696263	0.026453603723881	0.0184667492312937	0.0136602841698163	0.0105420354997284	0.00840234433456209	0.00686896492789173	0.00573140626038916	0.00486335169451626	0.00418525082868601	0.0036449635454033	0.0032071469902881	0.00284714705607524	0.00254733453818922
0.998510868909595	0.612842016260378	0.163265260935909	0.0727265342193905	0.0408834893627789	0.026217998922035	0.018289088062159	0.0135220119384908	0.0104314347304952	0.00831182351078418	0.00679344167421557	0.00566736823345295	0.00480830088780315	0.00413736494111117	0.00360288315922872	0.00316983783410549	0.00281380842599998	0.00251733690166286
0.980203343724161	0.615125546379594	0.162811783206544	0.0722972427039008	0.0405724863379823	0.0259914522066577	0.0181186049970901	0.0133895170990733	0.0103255679772043	0.0082252480106818	0.00672125665659942	0.0056061926493486	0.004755733333958	0.00409165548290564	0.00356272752556244	0.00313424444989669	0.00278201012771447	0.00248873085528625
0.962692756215092	0.617333456092057	0.162365665932545	0.0718806693665752	0.0402722350245263	0.0257733850504645	0.017954822717152	0.013262404709604	0.0102241050496582	0.0081423384243832	0.00665217061958561	0.00554767237820032	0.00470546792663384	0.00404796268472029	0.0035243545691778	0.00310023959016402	0.00275163745927268	0.00246141240528096
0.945924248876725	0.619470180408257	0.161926773456429	0.0714761617479205	0.0399821080045969	0.02556326991433	0.0177973074454745	0.0131403167219811	0.0101267471454054	0.00806284225931041	0.00658596760038117	0.00549162062716057	0.00465734146607267	0.00400614266669041	0.0034876364147304	0.00306770877940513	0.00272258727389312	0.00243528806796214
0.929848086988084	0.621539784336363	0.161494963411682	0.0710831145198243	0.0397015288676316	0.0253606245689769	0.0176456639492074	0.0130229276574897	0.0100332231133776	0.00798653069763929	0.0065224520963611	0.00543786844832966	0.00461120645091992	0.00396606546855763	0.00345245761837707	0.00303654871736483	0.00269476653045983	0.00241027354743813
0.914419059483104	0.623546002564851	0.161070088936241	0.070700965141568	0.0394299669365122	0.0251650071753008	0.0174995312275768	0.0129099408871865	0.00994328624742763	0.0079131958185891	0.00646144664210928	0.00538626260951614	0.00456692919341233	0.00392761336967739	0.00341871366071325	0.0030066659190908	0.00266809105966189	0.00238629261056515
0.899595963398052	0.625492273984117	0.160652000442232	0.0703291899975899	0.0391669326510045	0.0249760120058319	0.0173585787771271	0.0128010854194814	0.00985671152312772	0.00784264820879231	0.00640278972784586	0.00533666376706942	0.00452438820349087	0.00389067944988159	0.00338630965665947	0.0029779755514517	0.00264248450892846	0.00236327612536875
0.885341158437952	0.627381771830784	0.160240547028859	0.0699673009552089	0.0389119735131489	0.0247932657104246	0.0172225033447562	0.0126961131150363	0.00977329320714103	0.00777471489825738	0.00634633400384566	0.00528894489145783	0.0044834727976929	0.00385516635148211	0.00335515924638805	0.00295040043349291	0.00261787743638345	0.00234116123563998
0.871620180647543	0.629217430103131	0.159835577607493	0.0696148422894214	0.0386646705149823	0.02461642404585	0.017091026094795	0.012594796263291	0.00969284278118565	0.00770923757076757	0.00629194472556849	0.00524298990532576	0.00444408189682635	0.00382098521006215	0.00332518363806106	0.00292387017409242	0.00259420652961412	0.00231989064953275
0.858401406124367	0.631001966786749	0.159436941794066	0.0692713879293738	0.0384246349817795	0.0244451690023896	0.0169638901289829	0.0124969254663295	0.0096151871327829	0.0076460710066148	0.00623949840229434	0.00519869250098433	0.0044061229829148	0.00378805472755574	0.00329631077845693	0.00289832042521214	0.00257141392946813	0.00229941202404637
0.845655757280071	0.632737904340842	0.159044490612961	0.0689365389874439	0.0381915057745094	0.0242792062714635	0.0168408583084052	0.0124023077849991	0.00954016697317916	0.00758508172284886	0.00618888161853645	0.00515595511007715	0.0043695111910959	0.00375630036579774	0.00326847463180465	0.0028736922328994	0.00254944664262071	0.00227967743051503
0.833356445423414	0.634427587823144	0.158658077047922	0.0686099215372192	0.0379649468038725	0.0241182630072666	0.0167217113347763	0.0123107651096696	0.0094676354494682	0.00752614678210762	0.00613999000273445	0.00511468800282924	0.00433416851633725	0.003725653642494	0.00324161455055434	0.0028499314712945	0.00252825602948627	0.00226064288882358
0.82147874446798	0.636073200972	0.158277556468653	0.0682911846112029	0.0377446448154639	0.0239620858427412	0.0166062460552563	0.0122221327241173	0.00939745692334556	0.00746915274587717	0.00609272732197403	0.00507480849806751	0.00430002311821985	0.00369605151460812	0.00321567472456881	0.00282698834740443	0.00250779735633478	0.00224226796016483
0.809999791408152	0.6376767805152	0.157902786956359	0.06797999839295	0.0375303074115768	0.0238104391262863	0.0164942739605924	0.0121362580360177	0.00932950589334756	0.00741399475193653	0.00604700468493993	0.00503624026828178	0.0042670087097941	0.00366743583663869	0.00319060369745964	0.00280481696643657	0.0024880294023291	0.00222451538985408
0.798898409896412	0.63924022893457	0.157533629547058	0.0676760525816307	0.0373216612801539	0.0236631033506398	0.0163856198509975	0.0120529994516503	0.00926366604106195	0.00736057569894693	0.00600273983814487	0.00499891272651578	0.00423506401876639	0.0036397528832852	0.00316635394061988	0.00278337494914555	0.00246891411371199	0.00220735079310178
0.788154953823332	0.64076532588159	0.157169948408043	0.0673790549098453	0.037118450605573	0.0235198737495677	0.0162801206480176	0.0119722253758246	0.0091998293847975	0.00730880552378755	0.00595985654281157	0.00496276048395076	0.00420413231112479	0.00361295292766201	0.00314288147700459	0.00276262309400676	0.00245041629861195	0.00219074237778095
0.777751168271977	0.642253738411143	0.156811610960017	0.0670887297979319	0.0369204356394752	0.0233805590415001	0.0161776243338355	0.011893813320869	0.00913789552668752	0.00725860055942656	0.0059182840217149	0.00492772286875599	0.0041741609688398	0.00358698986759022	0.00312014554794671	0.00274252507815036	0.00243250335695736	0.00217466069915925
0.767670065609403	0.643707030176851	0.156458487955143	0.0668048171300907	0.036727391412818	0.0232449803022008	0.0160779890021316	0.0118176491108857	0.00907777098127395	0.00720988296293452	0.00587795646689337	0.00489374349820069	0.0041451011145415	0.00356182089363131	0.00309810831731794	0.00272304719191631	0.00241514504083217	0.00215907844233798
0.757895814804236	0.645126669711591	0.156110453519426	0.0665270711394424	0.0365391065728529	0.023112969951039	0.015981082006867	0.0117436261694503	0.00901936857534921	0.00716258020476424	0.00583881260047518	0.0048607698972039	0.00411690727712728	0.00353740619347009	0.00307673460819435	0.00270415810266052	0.00239831324130685	0.00214397022877998
7.27000116878187	0.349600903070582	0.128308262665045	0.0873130896288081	0.0656771119712764	0.0526293379494999	0.043943201163863	0.0377526443041581	0.0331249845128513	0.0295437504100603	0.0267011098808734	0.0244043350539266	0.0225302613868895	0.0210034412815921	0.019790455022099	0.0189178694094744	0.0185849862312274	0.0201742560577741
5.16482415191707	0.421813976915396	0.137540963201693	0.0883861174861188	0.0630285350810755	0.0481623522508237	0.0385331839924269	0.0318435441969961	0.0269594316295974	0.0232603413491245	0.0203800599228834	0.0180904126171764	0.0162443455462492	0.0147471147759999	0.0135439966045648	0.0126257189892915	0.012092424599882	0.0127474808407012
4.3047340130135	0.458889246037245	0.13981753657014	0.0872349185568102	0.0605235385981059	0.0451559901894627	0.0353794472513529	0.0286984963921633	0.0238937922953323	0.0203046820397692	0.0175447962334069	0.0153752285618908	0.0136426386640558	0.0122476516110108	0.011130215374669	0.0102708869425774	0.00973889237229043	0.0101520423097175
3.77689402046138	0.484525408346263	0.140400388199522	0.0858233700127068	0.0584215848579293	0.0428813460704312	0.0331277739534012	0.0265435120312045	0.021860357256934	0.0183968097173327	0.0157573517820457	0.0136990670276257	0.0120668013375591	0.010760007699203	0.00971685288970334	0.00891330296751364	0.00840263035942161	0.0087034354912031
3.40485987529946	0.504153618300844	0.140295254149709	0.0844237490557854	0.0566357882534898	0.0410585152887549	0.0313872629852176	0.0249215553351207	0.0203623721715093	0.0170165462533673	0.014484414593734	0.0125219484921756	0.0109739995153957	0.00974018615877316	0.00875824750921571	0.00800175742069632	0.00751415682331001	0.00775062769290112
3.12242306467319	0.520034494023193	0.139859282390613	0.0830994639141691	0.0550919546554901	0.0395440919289031	0.0299781317858695	0.0236338020844552	0.0191917585394626	0.0159523009408241	0.0135142901784771	0.0116340458402303	0.0101572853870809	0.00898439474288329	0.00805330197595071	0.00733626051957921	0.00687002914523455	0.00706511194758446
2.89767623786057	0.533344296547921	0.139251943303404	0.081863337637919	0.0537369267171272	0.0382538114372363	0.0288012956691706	0.022574645806107	0.0182408734269891	0.0150968845776765	0.0127416144572062	0.0109325248713534	0.00951663067694098	0.00839536965297701	0.0075071626424847	0.00682352982727226	0.00637639113331364	0.00654276161490084
2.71288966534022	0.544777807888979	0.138554099951033	0.0807132239833307	0.0525326040940454	0.0371337068437838	0.0277960510155266	0.0216811337858607	0.01744683121422	0.0143886860701073	0.0121066543081062	0.0103597860973023	0.00899660991924595	0.00791974561209564	0.0070682594518447	0.00641328465947512	0.00598307654284126	0.00612843856220165
2.55724388582379	0.554781113940038	0.137810177318727	0.0796425008413565	0.0514510504630421	0.0361470678633704	0.0269224623022188	0.0209127342474447	0.0167697947898607	0.0137891873901784	0.0115724828885898	0.00988057034882678	0.00856359195520529	0.0075253994100417	0.00670577799226558	0.00607568857240944	0.00566051643318113	0.00578988324324268
2.42367966063156	0.563658200929187	0.137045908538565	0.0786435904922936	0.0504712703806617	0.0352677748161699	0.0261528588053598	0.0202418554036032	0.0161830088013157	0.0132728034165714	0.0111148021016257	0.00947186756411693	0.00819579020505894	0.00719165972895172	0.00640001042775384	0.00579176841337684	0.0053900116921871	0.0055068182832025
2.30735323748338	0.57162572706657	0.136276722844169	0.077709189162833	0.0495771241661557	0.0344765815321475	0.0254672916012399	0.0196488995236086	0.0156676869770642	0.0128217387234531	0.0107168476612605	0.00911791392063188	0.00787837266010598	0.00690453359178294	0.00613768529182001	0.00554880932982814	0.00515908946556259	0.00526578648176774
2.20480751182172	0.578843628963107	0.135512058413463	0.0768326664282786	0.0487559557409234	0.0337589022824987	0.0248509185334321	0.0191194716508042	0.0152101675010172	0.0124231582320819	0.0103666129760873	0.00880748855072516	0.0076008392368404	0.00665416352117167	0.00590949530217894	0.00533793153021781	0.00495907371465065	0.00505746742252173
2.11349558317143	0.585433359119884	0.134757726275482	0.0760081493338873	0.0479976671846849	0.0331034246116754	0.0242924097281947	0.0186427059743141	0.0148002282365449	0.0120675279451293	0.0100552346401481	0.00853235281654354	0.00735551744084476	0.00643337758676117	0.00570869537600325	0.00515272309444434	0.00478372134329837	0.00487517929215991
2.03149149727025	0.591489320890108	0.134017272543445	0.0752304878413208	0.0472940788105065	0.0325012028989207	0.0237829295830971	0.0182102127039875	0.0144300379625612	0.0117475910275818	0.00977600346790411	0.00828630044174036	0.00713665207346806	0.00623681658775646	0.00553026273187253	0.00498842459899755	0.00462841233457952	0.0047139935021536
1.95730664222024	0.597086341754963	0.133292795556859	0.074495180275884	0.0466384762414833	0.0319450452900018	0.02331546180644	0.0178153886928317	0.014093476402017	0.0114577090911945	0.00952373245645793	0.00806455395347384	0.00693982978593381	0.00606038485754614	0.00537037065926683	0.0048414202844539	0.00448964629699286	0.00457018659420059
1.88976881677087	0.602284728722945	0.132585452297341	0.0737982906871581	0.0460252829891608	0.0314290868323436	0.0228843475448493	0.0174529510319801	0.0137856781242803	0.0111934234434856	0.00929433830637641	0.00786336713427361	0.00676160179822529	0.00590089169479891	0.00522604625562328	0.00470890828593121	0.00436471729665447	0.00444088755457279
1.82794004864465	0.607133789226268	0.131895780738632	0.0731363706423219	0.0454498192101616	0.0309484847831556	0.0224849607207618	0.017118612535163	0.0135027176657054	0.010951154107957	0.00908455589957577	0.0076797550598206	0.00659922877266684	0.00575580980600221	0.00509494064905766	0.00458867995286156	0.00425149692491883	0.00432384330497009
1.77105922978804	0.611674345305544	0.131223909590159	0.072506389744734	0.0449081208946236	0.0304991963930566	0.0221134744727446	0.0168088504369761	0.0132413866862678	0.010727988054881	0.00889173839918863	0.00751130590717457	0.00645050364408636	0.00562310813521812	0.00497517047911481	0.00447896804805907	0.00414828548992752	0.0042172583182442
1.71850113334683	0.615940568235949	0.130569697244254	0.0719056756961116	0.0443968022490769	0.0300778137592286	0.0217666897089698	0.016520738033243	0.0129990328215164	0.0105215268794774	0.00871371411865326	0.00735604674077786	0.00631362570953372	0.00550113343434243	0.00486520591742644	0.0043783397983643	0.00405370744035101	0.00411968221272351
1.66974653244402	0.619961342915102	0.129932825164228	0.0713318633230539	0.0439129494927231	0.0296814390330798	0.0214419070000534	0.0162518198534749	0.0127734409190447	0.0103297750973293	0.00854868199820942	0.00721234585895062	0.00618710931267114	0.00538852462153759	0.0047637899037059	0.00428561994571754	0.0039666362975775	0.00402992926354111
1.62436001834046	0.623761299694485	0.129312861362904	0.070782851506313	0.0434540378614947	0.0293075887151542	0.0211368293349211	0.0160000175831924	0.0125627440290675	0.0101510568089951	0.00839513393081859	0.00707884047098878	0.0060697164171172	0.00528414971351243	0.00466987881421035	0.0041998343445724	0.00388613974859728	0.00394701966365641
1.58197326860399	0.627361606445724	0.128709303906476	0.0702567668658681	0.0430178660047929	0.0289541192771517	0.0208494872569643	0.0157635581179312	0.01236535568698	0.00998395256997528	0.00825179613445006	0.00695438228057607	0.00596040601487701	0.00518705862202801	0.00458259815434075	0.00412016792870678	0.00381143880726189	0.00387013592589538
1.54227224405411	0.630780584763433	0.128121610881591	0.069751933131771	0.0426025035881225	0.0286191686628015	0.0205781804946596	0.0155409178153268	0.0121799176959244	0.00982725090496184	0.00811758427702713	0.00683799595661036	0.00585829561635757	0.00509644730590762	0.00450120898024176	0.00404593291730171	0.0037418769797115	0.00379859002825021
1.50498726459957	0.634034195168232	0.127549221073668	0.0692668452636462	0.0422062490431394	0.0283011097759038	0.0203214319276682	0.0153307787826492	0.0120052593683716	0.00967991060385992	0.00799156869121959	0.00672884703028553	0.00576263155346704	0.00501163018654714	0.00442508211095731	0.00397654444102926	0.003676896665615	0.00373179831374115
1.46988522605033	0.637136423358622	0.126991568204512	0.0688001475236834	0.0418275952008871	0.0279985131320245	0.0200779509009838	0.0151319942297873	0.0118403653583233	0.00954103106940795	0.00787294709931699	0.00662621678827519	0.00567276580723311	0.00493201866729458	0.0043536780833809	0.00391150162753213	0.00361602087381961	0.00366926207491696
1.43676343062445	0.640099590767887	0.126448090665751	0.0683506148395635	0.0414652011113133	0.0277101165960871	0.0198466037090459	0.0149435607359066	0.0116843500160159	0.00940982875573357	0.00776102300176921	0.00652948242777707	0.00558813773096974	0.0048571042230679	0.00428653139887644	0.00385037275962638	0.00355883889599023	0.00361055236461886
1.40544464869126	0.642934606544274	0.125918238081272	0.067917136908358	0.0411178687628495	0.0274348006569906	0.019626389640126	0.0147645958489151	0.0115364367526471	0.0092856182693128	0.00765518838837753	0.00643810121734785	0.0055082594920442	0.00478644495456545	0.00422323801747696	0.00379278351033042	0.00350499496575267	0.00355529798935955
1.37577313051383	0.645651173719844	0.125401475626507	0.0674987045890647	0.04078452371687	0.0271715680708717	0.0194164213764975	0.0145943198413996	0.0113959412945223	0.00916779707766847	0.00755490978505914	0.00635159774139047	0.00543270437018258	0.00471965479890048	0.00416344533790663	0.0037384075293749	0.0034541791961983	0.00350317592774196
1.34761135857431	0.64825795920171	0.124897286756533	0.067094398211507	0.0404641988950587	0.0269195269819811	0.0192159088387613	0.0144320407373872	0.0112622579863802	0.00905583303766488	0.00745971690065067	0.00626955354284812	0.00536109727292096	0.0046563947984049	0.00410684410052145	0.00368695884605964	0.00340612027484258	0.00345390361676771
1.32083738273449	0.650762734936273	0.124405174804814	0.0667033774950384	0.0401560209250043	0.0266778768347813	0.019024145777056	0.0142771419359075	0.011134848506909	0.00894925414780556	0.00736919331941749	0.00619159864873333	0.00529310698844876	0.00459636597954279	0.00405316179228559	0.00363818568894874	0.00336057952771038	0.00340723269132402
1.29534261813095	0.653172495912212	0.123924663782066	0.0663248728241761	0.0398591985759847	0.0264458965435489	0.0188404985706187	0.0141290719132363	0.0110132325086043	0.00884764006977487	0.00728296881710296	0.00611740458687326	0.0052284398120063	0.00453930350272533	0.00400215723565056	0.0035918654208632	0.00331734605984576	0.00336294386471091
1.27103001345892	0.655493559410602	0.123455298611615	0.0659581776720601	0.0395730129136658	0.0262229345008714	0.0186643968159866	0.0139873356018328	0.0108969798047989	0.0087506150686528	0.00720071297587128	0.00604667859335543	0.00516683426715984	0.00448497182364581	0.00395361611843582	0.00354780035925236	0.0032762327493541	0.0033208427128395
1.24781251798569	0.657731648962198	0.122996644971611	0.0656026419983295	0.03929680887702	0.026008400094044	0.0184953253739732	0.0138514871313889	0.0107857038096945	0.00865784209913103	0.00712212984622708	0.0059791587779539	0.00510805670652946	0.00443316066594324	0.00390734727750408	0.00350581430497384	0.00323707292362408	0.00328075617985416
1.22561179120939	0.659891965749868	0.12254828886723	0.0652576664771483	0.0390299880387315	0.0258017564656646	0.0183328176141236	0.0137211236838169	0.0106790560000669	0.00856901782387681	0.0070469534587787	0.0059146100657773	0.00505189762400484	0.00438368164934089	0.00386317959068413	0.00346574964206232	0.00319971758482623	0.00324252966399816
1.20435711091762	0.661979249639221	0.122109836022092	0.0649226974349557	0.0387720023557367	0.0256025143068538	0.0181764496481423	0.0135958802649184	0.0105767212153393	0.00848386839501399	0.00697494403036385	0.00585282077204837	0.0049981685464317	0.00433636545093811	0.00382095936285535	0.00342746490089896	0.00316403308075064	0.00320602457343968
1.18398444447791	0.663997831590493	0.121680911153462	0.0645972223970716	0.0385223487523495	0.0254102265122118	0.0180258353847638	0.0134754252348302	0.0104784136497271	0.0084021458641414	0.00690588474100022	0.00579359969652447	0.00494669940022299	0.00429105940292016	0.00378054811608291	0.00339083269989739	0.0031298991390659	0.003171116265235
1.16443565521083	0.665951678868863	0.121261157177984	0.0642807661583756	0.0382805644068468	0.0252244835576316	0.0178806222705856	0.0133594564700158	0.0103838734188977	0.00832362511300387	0.0068395789828228	0.00573677364691289	0.00489733626951704	0.00424762544963883	0.00374182071211653	0.0033557379982498	0.00309720719996514	0.0031376922985726
1.14565782116602	0.667844434206045	0.12085023438156	0.0639728873065538	0.0380462226351123	0.0250449094874297	0.0177404876066327	0.0132476980536344	0.0102928636060898	0.00824810121777195	0.00677584800141424	0.0056821853184034	0.00484993947894378	0.00420593840228489	0.00370466374983662	0.00332207660576038	0.00306585899521434	0.00310565094731311
1.12760264791374	0.669679449856535	0.120447819577459	0.0636731751373988	0.0378189292832057	0.024871158417457	0.0176051353504517	0.0131398974101449	0.0102051677103661	0.00817538717627463	0.00671452886503752	0.00562969147036129	0.00480438194692057	0.00416588444130304	0.00366897419136849	0.0032897539063047	0.00303576533178033	0.00307489992763104
1.1102259603579	0.671459817324812	0.120053605269671	0.0633812469107786	0.0375983195555005	0.0247029114770617	0.0174742933295153	0.0130358228151374	0.010120587433738	0.00810531194050261	0.0066554727092133	0.00557916135220589	0.00476054776553012	0.00412735982608496	0.00363465817933689	0.00325868375970571	0.00300684504618634	0.00304535530501924
1.0934872612752	0.673188393405641	0.119667298833344	0.0630967454035007	0.037384055217051	0.0245398741258475	0.0173477108045636	0.0129352612234942	0.0100389407551351	0.00803771870703488	0.00659854321357464	0.00553047533921886	0.00471833097106545	0.00409026977890929	0.00360163001465743	0.00322878755333869	0.0029790241020365	0.00301694055158668
1.07734934644548	0.674867823071366	0.119288621720349	0.0628193367216593	0.0371758221186652	0.0243817737917777	0.017225156331872	0.0128380163687391	0.00996006024820942	0.00797246342632508	0.00654361527552389	0.00548352374599241	0.004677634475736	0.00405452751602032	0.00356981126977269	0.00319999337996456	0.00295223480815149	0.00298958572987506
1.06177796797748	0.676500559652122	0.118917308695201	0.0625487083403968	0.0369733280012337	0.0242283577858292	0.0171064158818648	0.0127439070943298	0.00988379160725095	0.00790941349846125	0.00649057385132688	0.00543820579082492	0.00463836913617187	0.0040200534034856	0.0035391300166553	0.00317223532244109	0.00292641513875557	0.00296322678364888
1.04674153884205	0.67808888268314	0.118553107104523	0.0622845673435004	0.0367763005425163	0.024079391455488	0.0169912911783624	0.0126527658840725	0.00980999235140553	0.00784844662842383	0.00643931294022283	0.00539442868889364	0.00460045293851414	0.00398677421930027	0.00350952015245488	0.00314545282930078	0.00290150814036945	0.00293780491951125
1.03221087277079	0.679634913734438	0.118195776181753	0.0620266388390526	0.0365844856151106	0.0239346565452207	0.0168795982283937	0.0125644375640982	0.0097385306822143	0.00778944981827469	0.00638973469114905	0.00535210685570772	0.00456381028324601	0.00395462250630812	0.0034809208085442	0.00311959016788605	0.00287746141266174	0.00291326606594147
1.01815895461487	0.681140630489653	0.117845086387686	0.0617746645305686	0.0363976457289196	0.0237939497368859	0.0167711660171526	0.0124787781531586	0.00966928447345276	0.00773231847731888	0.00634174861496613	0.00531116120534322	0.00452837135566553	0.0039235360030361	0.00345327583106215	0.00309459594392901	0.0028542266526233	0.00288956039857863
1.00456073702888	0.682607879300598	0.117500818786713	0.0615284014257836	0.0362155586352758	0.0236570813470646	0.016665835346523	0.0123956538415672	0.00960214037550947	0.00767695563424801	0.00629527088776794	0.00527151853042089	0.00449407157014953	0.0038934571416072	0.00342653332296709	0.0030704226782583	0.0028317592531524	0.00286664192239345
0.991392959980176	0.684038386410681	0.117162764458041	0.0612876206675816	0.0360380160731023	0.0235238741616361	0.0165634577988001	0.0123149400820697	0.00953699301924313	0.00762327123772602	0.00625022373308713	0.00523311095281401	0.00446085107821011	0.00386433260359722	0.00340064523918746	0.00304702643278921	0.00281001794855335	0.00284446810288057
0.978633990111091	0.685433768012451	0.116830723940809	0.0610521064735458	0.0358648226402041	0.023394162390735	0.0164638948098998	0.0122365207783895	0.0094737443064999	0.007571181533912	0.00620653487265124	0.00519587543574993	0.00442865433187515	0.0038361129261054	0.00337556702775584	0.00302436647916877	0.00278896450061653	0.00282299953963118
0.966263677419887	0.686795539281099	0.116504506711806	0.0608216551723139	0.0356957947750802	0.0232677907295779	0.0163670168385926	0.0121602875592529	0.00941230277634389	0.00752060851110874	0.00616413703687878	0.00515975334936246	0.00439742969519457	0.00380875215147367	0.00335125731088852	0.00300240500445349	0.00276856341991239	0.00280219967666046
0.954263227093132	0.688125122506081	0.116183930694294	0.0605960743263887	0.035530759836589	0.0231446135126447	0.0162727026201741	0.0120861391274277	0.009352583037621	0.00747147940314246	0.00612296752758611	0.00512469008291409	0.00436712909773297	0.0037822075150594	0.00332767760086838	0.00298110684903491	0.0027487817177337	0.0027820345447076
7.70038255368856	0.410006964238248	0.108578717458933	0.077528297700444	0.0590751677684597	0.0474569908160803	0.0396943201274612	0.0341816325010168	0.0300769952071785	0.0269177382561806	0.0244313830450903	0.022450447900548	0.0208730311874216	0.019646428397453	0.0187699429731864	0.0183419809755714	0.0188280813509321	0.0231418800957944
5.48553356370972	0.487654171677187	0.111269062974515	0.0767083774997614	0.0559561050852671	0.0430715485181311	0.0346381855603661	0.0287692766805712	0.0244782760440499	0.0212272054623197	0.0187003760830777	0.0167023809072445	0.0151099370179529	0.0138490306518836	0.0128891640988558	0.0122669635709413	0.0122406191893546	0.0144693189785206
4.57393083106608	0.526103791956849	0.110424172097377	0.074925219147593	0.0534935584348868	0.040311541831518	0.0318013499745397	0.025959417692898	0.0217413588699556	0.018581640516368	0.0161503973221921	0.0142440713691916	0.012733706475512	0.0115397137741565	0.0106232352104474	0.0100021008546673	0.00986905870176923	0.0114956657700791
4.01258548109599	0.55213703223779	0.109038881568355	0.073235885215564	0.0515329236151226	0.038277135063291	0.0298076688659844	0.024053357994719	0.0199374849592644	0.0168804741756817	0.0145461278133487	0.012727788913448	0.0112945874034863	0.0101649030520863	0.00929619019807428	0.0086968351375137	0.00852503237217484	0.00984769141409574
3.61616724639083	0.571765427975116	0.107563004186988	0.071715699488537	0.0499137162921484	0.0366711195147496	0.0282803217300089	0.0226264603742696	0.0186126714812885	0.0156515690959597	0.0134040933691688	0.0116626224350145	0.0102958900291394	0.00922163809689769	0.00839548391315059	0.00782016787120321	0.00763205350859699	0.00876806063776247
3.31485766547495	0.587454662511001	0.106118504182744	0.07035313174555	0.0485392650430326	0.035349891700534	0.0270507585593307	0.0214971351382452	0.0175789475467993	0.0147044244091018	0.0125334704794912	0.0108585694934989	0.00954878788525536	0.00852189081264148	0.00773256345525691	0.00717983556374916	0.00698485866407653	0.00799330280969208
3.07491060889634	0.600472413140337	0.104742656852191	0.069125729964441	0.0473483853893925	0.0342319649029442	0.0260277764519067	0.0205700373733959	0.0167398177259484	0.0139430332192696	0.0118396075471317	0.0102227150024476	0.00896213413879387	0.00797599673337482	0.0072185517363645	0.00668623811158791	0.00648892165323318	0.00740402005723995
2.87753176433926	0.611559837304854	0.103444907731574	0.0680125983724826	0.0463001032089708	0.0332663860402413	0.0251562354957202	0.0197888034339848	0.0160392148930241	0.0133124056631315	0.0112689611353242	0.00970307970539542	0.00848545556216416	0.00753477303133472	0.00680513619473154	0.00629109728013535	0.00609377364208861	0.0069372313048427
2.71123116229355	0.621188552559436	0.102224554036976	0.066996323587174	0.0453656762329655	0.0324191035052515	0.0244002228271224	0.0191173711262662	0.0154417629851587	0.0127782477816328	0.0107884772189061	0.00926786620290018	0.00808813210336734	0.0071686127193802	0.00646344629756554	0.00596576780731447	0.00576968865427968	0.00655619435430398
2.5685010510332	0.629677389932675	0.101077166599188	0.0660627595467531	0.0445241778793722	0.0316662197815051	0.0237350501904659	0.0185313104689871	0.0149237740041276	0.0123178201149099	0.0103764254418149	0.00889633006348615	0.00775032683850426	0.0068584593823125	0.00617501320988014	0.00569203322461868	0.00549787738628801	0.00623786593511179
2.44418371124894	0.637251959020358	0.0999971377300675	0.0652004376033096	0.0437599047808236	0.0309903187638759	0.0231430311654364	0.0180133360796472	0.0144686534802457	0.0119153262553729	0.0100178212321349	0.00857426066395896	0.00745853226839636	0.00659140895864596	0.00592739598531987	0.00545768420381297	0.00526581102531757	0.0059669807832768
2.33459427656172	0.644077717126145	0.098978732666762	0.0644000049210453	0.0430607758998626	0.0303783202377323	0.0226110749324671	0.017550790572113	0.0140643547958634	0.0115593829950349	0.00970193577422692	0.00829154182442343	0.00720318302975864	0.00635836750524167	0.00571186671231308	0.00525419247918112	0.00506477664650488	0.00573298188132478
2.23701579183137	0.650279556329821	0.0980165173998958	0.0636537685140165	0.0424173010045094	0.0298201556189247	0.0221292314215989	0.0171341435812804	0.013701876635381	0.0112415399606355	0.00942084982113937	0.00804074449750524	0.00697728702505293	0.00615271578226423	0.00552209781151835	0.0050753986799349	0.00488850563139587	0.00552831028512546
2.14939227586592	0.655954016404738	0.0971055143805907	0.0629553418625406	0.0418218917485125	0.029307913647307	0.0216897690596013	0.0167560514824747	0.0133743303196111	0.0109553677147628	0.00916856874673627	0.00781627070907768	0.00677559724793854	0.00596950537686616	0.00535337558455787	0.0049167298173115	0.00473235959278579	0.00534739630458783
