12.704667872018012987	0.63300161929055340823	0.089471160622592480179	0.044927821988430110164	0.028983887504752913456	0.021111428767279028952	0.016540470169545357093	0.013613316498554316618	0.011614068682467708544	0.010187434697812446846	0.0091392506827594923564	0.0083558551761214163886	0.0077674889411257036628	0.0073302258253287340573	0.0070165541563410317521	0.0068104205312825202764	0.0067049014548488024652	0.0067018226127444965297	0.0068134602829226647281	0.0070675322395969565691	0.0075190844778447616003	0.0082800729575540846826	0.0096046421374026248486	0.012207679131420141955	0.019229801170718798105
9.99077065549350857	0.68789367599848316449	0.084722025363879049695	0.041016682221208449074	0.025835352568570516702	0.018474759026668143667	0.014254485939861343486	0.011575914697707618474	0.009757365453528285072	0.0084638118427927602865	0.0075135040816318252429	0.0068005493676792749741	0.0062600226076381500477	0.0058508172007263240848	0.0055466922201185827468	0.0053314778279562471787	0.0051966430851772924568	0.0051404861215267889525	0.0051688734568247987582	0.0052982077008212391682	0.0055628491748354570514	0.0060337235913592136219	0.0068716548346053603675	0.0085239379032061037521	0.012906487713194010591
8.6181497841313245067	0.71511497109788375339	0.081135323960562857402	0.038563943884203911782	0.024007077857222000442	0.017015079399095070262	0.013032092369107076763	0.010515971877446840655	0.0088133888895811277164	0.007604856905771571864	0.0067177251765999132884	0.0060516761511481224464	0.0055452796555663928581	0.0051595962219898795548	0.0048696206320827988739	0.0046596759149113322364	0.0045210208668053021426	0.0044509323714008499959	0.0044531271804652963183	0.0045400213229073756276	0.0047385690903977874449	0.0051049934230365187463	0.0057669501986551118817	0.0070781834883750177032	0.010539922064784090491
7.7060398039387810153	0.73322050062964918893	0.078307041111592217923	0.036765145814341940327	0.022710999055706657916	0.016002871046943415194	0.012198244585859856858	0.009802438345164870823	0.0081849940943090536762	0.0070386458140299200097	0.0061977808651065247801	0.0055663543046586255609	0.0050856122470408727593	0.0047182976481861259322	0.0044404129280450749143	0.0042367745155289721233	0.0040986749973989750679	0.0040229247449420422776	0.004012108235864293587	0.0040764553664397251373	0.0042388031177710212955	0.0045471758325172787412	0.0051107821589368847679	0.0062316964496557111878	0.0091852660903107503015
7.0327636337212172174	0.74666258683630776525	0.075979674509912191018	0.035348519363997527488	0.021712014157008384742	0.015233723484047751479	0.011571391549690198317	0.0092706784532528025205	0.0077201354924109747558	0.0066225071255840200459	0.0058178895847110648133	0.0052136830343002166784	0.004753288436495074103	0.0044008113862206557084	0.004133088861782829198	0.0039353798961472857763	0.0037990815665685252882	0.0037207546765149267107	0.0037022779161890121186	0.0037524681990371961956	0.0038914689369966988597	0.0041619234278930995015	0.0046609458473683041448	0.0056568749293946343106	0.0082788323281688610128
6.5055413132756590498	0.7572696371622472996	0.074006709500187585112	0.034184098826803796531	0.020903522033841321008	0.014617673130655554255	0.011073249563723598062	0.0088508036334258804234	0.007355086697043460612	0.0062972901414252545699	0.0055222944814605125371	0.0049403745492087740181	0.0044967267682359074682	0.0041565956819680934259	0.0038975248909319987606	0.003705164816326965232	0.0035710386423750322097	0.0034915633079488878657	0.0034681343628475466456	0.0035085684511340813224	0.003631081292612288015	0.0038744529143194976915	0.0043271180365870824374	0.0052332731933874086741	0.0076180179213021734726
6.0764678226250124866	0.76597555987137342851	0.072297652144107785333	0.033198819727209700095	0.02022756794564003294	0.014106761586549828301	0.010662659107135786489	0.0085064594597485953716	0.0070569894992995529322	0.0060327258688443057386	0.0052826540568092355332	0.0047195070815225859939	0.0042900146730472890644	0.0039603958408270365093	0.0037088038842424205436	0.0035212363809892186925	0.0033893467936367554316	0.0033094664815991498725	0.0032826395962660204316	0.0033159318837023015592	0.0034260975029455427405	0.0036489785169266449988	0.0040664095441056202158	0.004904265902314834795	0.007109056651156327773
5.7175806611421526276	0.77332188421161754979	0.070792724438287791024	0.032347325266834449614	0.019649030144695661481	0.013672343676503431706	0.010315289192333140366	0.0082163287364774681331	0.0068067056071687996941	0.0058112858556279856029	0.0050826403338497662509	0.004535643199703355013	0.0041183581389314066977	0.0037978529342993673667	0.0035528151141614009418	0.0033695523457100237601	0.003239845702864429034	0.0031599757742375761273	0.0031307199672027293512	0.0031585565903744332425	0.0032590858852468892712	0.0034658237357792872819	0.0038553784015450406801	0.0046391396043691875961	0.0067016951421788301224
5.4111639020045991253	0.77965031038035022352	0.069450354815553065122	0.031599471749696933153	0.019144996080166779231	0.013295943922110381202	0.010015575455037906958	0.0079668630052300886425	0.0065921367613975195006	0.0056219410631773803803	0.0049120222647270017681	0.0043791465401704290309	0.0039725550599739831111	0.0036600654028287726396	0.0034208391241356415618	0.003241462978232504702	0.0031138402843781949006	0.0030342228298836645791	0.0030031789752063304356	0.0030267131431301982316	0.0031194867569848422106	0.0033131180459707632068	0.0036799506912567555907	0.0044195686956943986884	0.0063662359747062416799
5.1453095915854235145	0.78518997742906985766	0.068240451915793119681	0.030934194453784090992	0.018699692048121674525	0.012964961381422647286	0.0097529742051069703699	0.0077489333148215306437	0.0064051675995009767715	0.0054573220598096094582	0.0047639873310080395369	0.0042436209200313510975	0.0038465155684194412806	0.0035411588222451887635	0.0033071372487468912021	0.0031312905952917532971	0.0030056381278201111135	0.0029264172609272321508	0.0028940284161558971684	0.0029140845321087637462	0.0030004652677651911578	0.0031832046437222174148	0.0035310850684825516041	0.00423384125859341814	0.0060838505312514747759
4.9116460082150580416	0.79010179595398452557	0.067140527090783411615	0.030336192392466875517	0.018301802179512975308	0.012670427006484319893	0.0095200236787613003419	0.0075561085099209181322	0.0062401028106947886104	0.005312274170484491084	0.0046337845386948434784	0.0041246178145204176606	0.0037360149259287286468	0.0034370677336973147734	0.0032077472146739839346	0.0030351239542157901995	0.0029113267230679923797	0.0028325883183167919577	0.0027991715458510410183	0.002816359732113057449	0.0028973693878691677717	0.003070887474252340256	0.003402667166030346381	0.0040740718878824240622	0.005841947789792154058
4.7040756101483464082	0.79450293684480513328	0.066133329700612044978	0.029794003281985023417	0.017942938993625963358	0.012405737532998582063	0.0093112574990184428288	0.0073836958010970562664	0.0060928003064959783673	0.0051830593120887442486	0.0045179774506850647074	0.0040189271870983521782	0.0036380113266496758661	0.0033448711689816444823	0.0031198279703033904413	0.0029501641717364394953	0.0028281118183486029137	0.0027499058250697225606	0.0027156943842040563746	0.0027304789593610851446	0.0028069049658092716376	0.0029724966617288855193	0.0032903915722461445319	0.0039347294497285850922	0.0056317478153221103139
4.5180282084074769029	0.79848125909494500506	0.065205337194827940911	0.029298821441585468727	0.017616717985149476174	0.012165896137145605509	0.0091225571034927956407	0.0072281717374829968058	0.0059601591862543194594	0.0050668861560433129413	0.0044140058424416348964	0.0039241624942092618061	0.0035502477273530673163	0.0032624057812683786786	0.0030412791385541304117	0.002874345689854292203	0.0027539348862960475543	0.002676288478559866709	0.0026414579002717373535	0.0026542004434523423386	0.0027266634784695130802	0.0028853551047227525135	0.0031911259650054811585	0.0038118035250767235591	0.0054469175075378493605
4.3499962245287647289	0.80210425765464790865	0.064345753582587969747	0.028843738501546155561	0.017318170656156434018	0.011947034464249393431	0.0089507463466860804228	0.0070868274987987095965	0.0058398016842179872008	0.0049616191764819895647	0.0043199149891322048711	0.0038385050261222746084	0.0034710071176988329743	0.0031880285787657698627	0.0029705081167104974741	0.0028061047764560732919	0.0026872399616026194403	0.0026101655918553904019	0.0025748504719123447654	0.0025858380417722911393	0.002654836691050162645	0.0028074570382301080435	0.0031025291171089257151	0.0037023056375890468942	0.0052827592786208298067
4.1972333460874738753	0.80542485025254211217	0.063545823500223601282	0.028423237279081470702	0.017043357520656119596	0.011746099600857617727	0.0087933272775197761241	0.0069575385837402711367	0.0057298673062921230187	0.0048655908395993114802	0.0042341813417518308005	0.0037605396398575309662	0.003398955598328126266	0.003120465084163868691	0.0029062813089665966431	0.0027442319231438508194	0.0026268252485315910692	0.0025503257355831059657	0.0025146309271858459089	0.0025240951961628624595	0.0025900364709366796907	0.0027372655322269635265	0.0030228109111834947655	0.0036039570109083982396	0.0051357059105568511974
4.0575523136170006527	0.80848525294670865287	0.06279834942490110797	0.028032843750790291698	0.016789104548988836499	0.011560642159019348183	0.0086483020322795601307	0.0068386100868757770443	0.0056288749210327376321	0.0047774760951473338537	0.004155596284906934335	0.0036891454406213911614	0.0033330381436686206592	0.0030587086496427418561	0.0028476256457676849435	0.0026877742972947705673	0.0025717452114427787587	0.0024958170369044498689	0.0024598253298872188646	0.0024679559388934446393	0.0025311767366477863088	0.002673580103353118792	0.0029505758373753312133	0.0035149855922046715295	0.0050029937856454106181
3.9291852249973160491	0.81131965363270168592	0.062097343773217773235	0.027668881307932206343	0.016552818662241611861	0.01138866871287517454	0.008514049293318157476	0.0067286697055295566724	0.0055356276370447170226	0.004696205998574202969	0.0040831862942007842772	0.0036234208302832700664	0.0032724072544970129328	0.0030019516506929878616	0.0027937613873920373781	0.0026359692820510213615	0.0025212439679785706959	0.002445879456027515345	0.0024096569778857763982	0.0024166110910140928544	0.0024773936628401100094	0.002615447402346563473	0.0028847176522787114011	0.0034339898238219331709	0.0048824445432545265854
3.8106845873576140088	0.81395610381762563483	0.061437773000512504244	0.027328293216976559267	0.016332355461943709797	0.01122853652260700531	0.008389236461134290576	0.0066265918881751129847	0.0054491455238099490789	0.0046209067403369984215	0.0040161566802376530263	0.0035626307847305942453	0.0032163728477205598696	0.0029495372312642058777	0.002744055064335145063	0.0025881979964778641058	0.0024747087702171601456	0.002399897552699166622	0.0023634976498684840388	0.0023694069388818763322	0.0024279902774932336578	0.0025620993131263009359	0.0028243465204327298215	0.003359844670276826889	0.0047723150691164349252
3.7008516921950583684	0.81641788712732954317	0.060815365943076282848	0.027008511767680699915	0.016125922423849584676	0.01107887682410938911	0.0082727558637375590705	0.0065314428830444392029	0.0053686169748167031382	0.0045508556513292610505	0.0039538510634030729314	0.0035061689316512680523	0.0031643662642789797228	0.0029009246908905625172	0.0026979857655066599017	0.0025439520413041080411	0.0024316367644230418257	0.0023573667781891664791	0.0023208328581765550463	0.0023258087052106133637	0.0023823970875193756518	0.0025129090321676500227	0.0027687374176628916122	0.0032916352301768510578	0.0046711919104657417007
3.5986837709810546887	0.8187245286462813532	0.060226467959748466312	0.026707360119546709399	0.015932006745658745618	0.010938537885751893905	0.0081636775441261876324	0.0064424401634150921926	0.0052933628661483326908	0.0044854488380655340685	0.0038957216070398688779	0.0034535297348089170862	0.0031159139037581401522	0.0028556641611800310814	0.0026551205035514919774	0.0025028092271208430616	0.002391610757770737709	0.0023178689299256697842	0.0022812365773483074826	0.0022853740153893632502	0.002340143517171612392	0.0024673592573499999093	0.0027172928262880015337	0.0032286088446620565512	0.0045779153678926440325
3.503334343447498641	0.8208925522213543106	0.059667928331197813292	0.026422977516529298917	0.015749320694737411867	0.010806542037102356799	0.0080612137297165092828	0.0063589219590172524378	0.0052228096914695489933	0.0044241769621728756875	0.0038413067729164367671	0.0034042877346839945601	0.0030706175714207199159	0.0028133777513068326236	0.0026150958936732423826	0.0024644155427963636408	0.0023542812349149027958	0.0022810539564145182976	0.0022443525318670656626	0.0022477332737715820023	0.0023008368112862049334	0.002425018723997893815	0.0026695152642072138358	0.0031701399038514004208	0.0044915238895942503221
3.4140830139057821856	0.82293605740873910224	0.059137012210776804038	0.026153761504969242605	0.015576759610035959713	0.010682052761338336526	0.0079646916921123207912	0.0062803240296382711665	0.0051564691175416429852	0.0043666068357393613597	0.0037902144405415937195	0.0033580818140231873248	0.0030281395992777073938	0.0027737452890020004166	0.0025776043123988746744	0.0024284715469136996629	0.0023193527995249619803	0.002246626253232996885	0.0022098801174402046112	0.0022125749154409492442	0.0022641461987241495598	0.0023855246144807060199	0.0026249867221119232879	0.0031157035545034984069	0.0044112126514925054169
3.3303121515149572028	0.82486716508103970582	0.058631330970651971572	0.02589832272418388677	0.015413369207131929656	0.010564349159524176135	0.0078735327367328466467	0.0062061617186782701872	0.0050939222124403489579	0.0043123672428531398901	0.0037421089189023201638	0.0033146031053106945585	0.0029881914232408949954	0.0027364933847065269399	0.0025423832925029806836	0.0023947219509328467344	0.0022865738056518444822	0.0022143341931429523088	0.0021775636554182298344	0.0021796341612346411307	0.0022297908309644385106	0.0023485691775265820387	0.0025833530441839741331	0.0030648557648196932085	0.004336302238225104649
3.2514886646284191618	0.82669636587509402851	0.058148786516785580125	0.025655449129459397886	0.01525831982557536137	0.010452805897476505675	0.0077872357400748376112	0.0061360159161291511524	0.0050348071278940547205	0.0042611378807366811708	0.0036967008277565741065	0.0032735855799856007693	0.0029505247024037533173	0.0027013869375570788408	0.0025092072934657221148	0.0023629475429842942566	0.0022557283260726598444	0.0021839620233129439689	0.0021471840843504988642	0.0021486843315980723546	0.0021975304750110157402	0.0023138894150504060367	0.002544311905718022491	0.0030172180061801995877	0.0042662146393275595175
3.1771495979258403243	0.82843279573777507479	0.057687526341692994883	0.025424077385140713276	0.015110885927267391807	0.010346877286490073631	0.0077053641079514619704	0.0060695219570239291146	0.0049788093712201487005	0.0042126406365448009936	0.0036537391248046163328	0.0032347986408892005696	0.0029149243353125439343	0.002668222461745719715	0.0024778812412177188658	0.0023329588533538514075	0.0022266298580223447576	0.0021553235207085618977	0.0021185524600120476739	0.0021195300573350293842	0.0021671582459383020674	0.0022812590378715671897	0.002507603447549907497	0.0029724653391524481619	0.004200454624979551233
3.1068906350721925732	0.83008445606064338836	0.057245906923776204437	0.025203269773723835127	0.014970429615740361347	0.010246084520145422882	0.0076275353398695723733	0.0060063607522886877635	0.0049256540437708802717	0.0041666326355954679392	0.0036130047585127740839	0.00319804123072559621	0.0028812029104610837235	0.0026368227879131499011	0.0024482354031457308003	0.002304591133262769049	0.002199116337846965278	0.0021282569709098025226	0.0020915048155078063822	0.0020920019156025860638	0.0021384948703947672051	0.0022504821225690684156	0.0024730028998820323093	0.0029303170444042956448	0.0041385951333077519795
3.040356835560961524	0.83165839119914880941	0.056822463681187997183	0.024992195395133586017	0.014836387269159958444	0.01015000534833518744	0.0075534126018192661333	0.0059462516371778413072	0.0048750995903124205863	0.0041229006490241399596	0.0035743055671518845714	0.0031631371015490445168	0.0028491962541689012356	0.0026070328157220408234	0.0024201212830174891993	0.0022777003359659761187	0.0021730461538229215384	0.0021026211553259539684	0.0020658980568254128564	0.0020659521500080309339	0.0021113841135127239907	0.002221388059703020361	0.0024403147144439201171	0.0028905291801345413222	0.0040802656873489319189
2.9772351079240369786	0.83316083286181401145	0.056415886121600957167	0.024790114736475838864	0.01470825860952224098	0.010058265653178450954	0.0074826978632966829277	0.0058889465553655812079	0.0048269327218356300382	0.0040812565560085904994	0.0035374721436043617529	0.0031299309831664103532	0.0028187598273617072208	0.0025787160789208736374	0.0023934083036076452235	0.0022521598713553562858	0.0021482949286812381544	0.0020782921153986329486	0.0020416066555804639367	0.002041251224656326793	0.0020856890999677230398	0.0021938274935390566753	0.0024093678533947885797	0.0028528886147757416134	0.004025143126891689658
2.9172480457125344465	0.83459731848672536576	0.056024997146824116502	0.024596366914346552304	0.014585597696122297993	0.0099705325234446241314	0.0074151262645351644221	0.0058342252919392913693	0.0047809642587371423711	0.0040415336322477747966	0.0035023544561205026556	0.0030982854545385106233	0.0027897657856905632273	0.0025517519447965835695	0.0023679811038922528196	0.002227857963609192313	0.002124752901774348161	0.0020551605216722059078	0.0020185199618851502729	0.0020177850263971650916	0.0020612893294331474498	0.0021676690310410864868	0.0023800119747046117237	0.0028172082014407821935	0.0039729441280815679165
2.8601488427643723188	0.83597278900573301989	0.055648735706658082326	0.024410359054515379308	0.01446800545233342112	0.0098865085202184736287	0.0073504614599883956835	0.0057818915376071880887	0.0047370257025038681377	0.0040035834917796456939	0.0034688190662742564815	0.003068078370083468124	0.0027621005628367001707	0.002526033313606315916	0.0023437373202528318911	0.0022046954834419469436	0.0021023227828340708978	0.0020331295182284260209	0.0019965400042172907309	0.0019954525757348279069	0.0020380782365045513298	0.0021427965534958144562	0.0023521143190821447672	0.0027833228446641468511	0.0039234191174057336639
2.8057170704447290045	0.83729167013651014067	0.055286142172860685017	0.02423155739459798779	0.014355123424143589166	0.0098059268973872679837	0.007288491743018092399	0.0057317696171683696252	0.0046949663889291776049	0.0039672735498222958012	0.0034367468227562348656	0.0030392007277611822016	0.0027356628700347340062	0.0025014647154826092538	0.0023205857521941619201	0.0021825841571392322379	0.0020809179798756810124	0.002012112944006292029	0.001975579675132944235	0.0019741641404524062066	0.0020159611813518934276	0.002119107004465757956	0.0023255571508590014765	0.0027510862708259343424	0.0038763472832243288507
2.7537551486869733821	0.83855794040696164399	0.054936345937726374083	0.024059479785965414558	0.014246628535710256017	0.0097285475933423542212	0.0072290268005684196865	0.0056837017529866862426	0.0046546511092019457903	0.0039324849044160652326	0.0034060309373277883622	0.0030115548916956365367	0.002710362029380125023	0.0024779607258736100503	0.0022984448360089832684	0.0021614450771561868777	0.0020604611263619441644	0.0019920338553785116896	0.0019555612251923333057	0.0019538396707029904021	0.001994853783945060147	0.0020965085573761713991	0.0023002356399537502004	0.0027203683581969660657	0.0038315324585707827676
2.704085379540911807	0.83977518841441270599	0.0545985548439277992	0.023893689339824276279	0.014142228657635782848	0.0096541538500613803044	0.0071718949795605830937	0.0056375457625080225234	0.0046159581101899637379	0.0038991105571872346985	0.0033765753699807801988	0.0029850531014429352615	0.0026861165768181914663	0.0024554446381767109097	0.0022772413669308180487	0.0021412074559033310252	0.0020408828495495741438	0.001972823291369777325	0.0019364150049735673208	0.0019344074926853141334	0.0019746805344493730427	0.0020749190880175256007	0.0022760560977793422398	0.0026910529155316216244	0.0037887997010833890107
2.6565474398830680603	0.84094666129001414192	0.054272046131036985607	0.023733789014939978071	0.014041658842109567223	0.0095825493459813815675	0.0071169409717549386943	0.0055931731103135054179	0.0045787774041556263307	0.0038670539106079983329	0.0033482934660095842988	0.0029596162146279290565	0.0026628530845465083415	0.0024338473454946835829	0.0022569094232094132582	0.0021218075770312022135	0.0020221207345913492689	0.0019544192356987691421	0.001918078408205584686	0.0019158032118148356446	0.0019553736272111772066	0.0020542648937243118495	0.0022529344992388908979	0.0026630358228158965179	0.0037479924348657406024
2.6109962513166531345	0.8420753059319597601	0.05395615864538872703	0.023579416985012680728	0.013944678108623337543	0.009513555752277466632	0.0070640238429888603177	0.0055504672516132561515	0.0045430093325978697721	0.0038362274921480928804	0.0033211067996496012987	0.0029351726408128740508	0.0026405051631006564408	0.0024131063935451666772	0.0022373894553514131291	0.0021031879081702603206	0.0020041184485784948292	0.001936765739541811773	0.0019004949790346814842	0.001897968786759994395	0.0019368719769849671547	0.0020344796134665718379	0.0022307952375382331102	0.0026362234664226315435	0.0037089700484325906643
2.5673001617732645553	0.84316380425729556589	0.053650286107938203687	0.02343024265524915067	0.013851066686885055712	0.0094470106401152606099	0.0070130153475006328599	0.0055093222167483136319	0.0045085633400566510849	0.0038065518657404400092	0.0032949441881299567083	0.0029116574330275420664	0.0026190126114904879201	0.0023931651745112437782	0.0022186275112955075685	0.0020852963464796243555	0.0019868249960745868361	0.0019198121763583822685	0.0018836136540809126445	0.0018808517437142382602	0.0019191203846393113372	0.0020155033126200409547	0.0022095700696730160348	0.0026105314151378898557	0.0036716058652379849935
2.5253393861440586617	0.84421460347808582495	0.053353871272641436509	0.023285963222390511501	0.013760623641465213918	0.0093827656804455336024	0.0069637984795753895615	0.0054696413961169353038	0.0044753569223735744559	0.0037779546987671792618	0.0032697408471194315798	0.002889011510030222868	0.0025983206900265863335	0.0023739722376259680489	0.0022005745741146698452	0.0020680855740779491328	0.0019701940833851135864	0.0019035126058665919155	0.0018673881158391897612	0.0018644045064460868583	0.0019020688261972079251	0.0019972817035210499739	0.0021891972190130599764	0.0025858832944477443394	0.0036357854204275289961
2.4850046633065138385	0.84522994221652216374	0.053066400837987049848	0.023146300691969209001	0.013673164816805050253	0.0093206850889079520889	0.006916266223790831499	0.0054313364926587644163	0.004443314720679645524	0.0037503699588611505605	0.0032454376641187331212	0.0028671809875555323195	0.0025783794953729077426	0.0023554806969684525255	0.0021831859933784326558	0.0020515125048867633241	0.0019541835732404102232	0.0018878252287306638674	0.0018517762385683500329	0.0018485838224674818299	0.0018856718442083912102	0.0019797654786109116263	0.0021696206080505352663	0.0025622098249403159704	0.0036014049907203013881
2.4461960948314241887	0.84621187312271008293	0.052787400998382271439	0.023010999282078056837	0.013588521052387597437	0.0092606442771115407533	0.0068703204722834150975	0.0053943266151203712173	0.0044123677377245510688	0.0037237372196145005543	0.003221980570740279418	0.0028461166008852209369	0.0025591434212112418952	0.0023376477206303381397	0.0021664209948738623882	0.0020355378079149497597	0.00193875501504775607	0.0018727119170302108936	0.0018367396114070440276	0.0018333502694182293297	0.0018698880244754461519	0.0019629097374314347979	0.0021507891995704272092	0.0025394479972867209463	0.0035683703346644506556
2.4088221369427233016	0.84716228253903553538	0.05251643354146887406	0.022879823155340312995	0.013506536626783840051	0.0092025286784876078029	0.00682587108313604205	0.0053585374901636273742	0.0043824526574029738733	0.0036980010580902796113	0.0031993199982944531012	0.0028257732043099833207	0.0025405706909504738757	0.002320434088323813448	0.0021502422562033694446	0.0020201254947778115704	0.0019238732386157157629	0.0018581378083504100278	0.0018222431262923511874	0.0018186678287275279704	0.0018546795443272278802	0.0019466734922433975966	0.0021326564285876292753	0.0025175403614603340217	0.0035365956086264084099
2.3727987223273243741	0.84808290765921961292	0.052253092413124127512	0.022752554430753286773	0.013427067896438514671	0.0091462327224619518663	0.0067828350585338209624	0.0053239007752459005147	0.0043535112517209826019	0.0036731105300691950947	0.0031774104038752127009	0.0028061093356264422121	0.0025226229513413776238	0.0023038038068213240131	0.0021346155380213295266	0.0020052425614433397758	0.0019095060014379743951	0.0018440709535327080765	0.0018082546205102391099	0.0018045035159656632168	0.001840011781149152736	0.0019310192398226375489	0.0021151797106317660808	0.0024964344119658390076	0.0035060024302876011471
2.3380484924311159781	0.84897535155313047717	0.051997000684661367372	0.022628991435157963342	0.013349982100833891537	0.0090916589351670170444	0.006741135824993462959	0.0052903534573112485587	0.0043254898621674944174	0.0036490187114016797888	0.0031562098563638514331	0.0027870868358794778834	0.0025052649178035721153	0.0022877237744748445244	0.0021195093624681374902	0.0019908586759583145932	0.0018956236813710721038	0.0018304820098850721433	0.0017947445655075620931	0.0017908270591775505281	0.0018258529718883588282	0.0019159125892083868577	0.0020983200145410488356	0.0024760820541244682261	0.0034765190665236801273
2.3045001241422278697	0.84984109636611399486	0.051747807867182145186	0.022508947160661946007	0.013275156310356598962	0.0090387171485404320371	0.0067007026009337744272	0.0052578373248470837681	0.0042983389446553822211	0.003625682295804181172	0.0031356796735660569501	0.0027686705162264437181	0.0024884640638399413327	0.002272163487559429261	0.0021048947318072328405	0.0019769459053236157493	0.001882199007946168603	0.0018173439730656851634	0.0017816857950426038548	0.0017776106179990596945	0.0018121739158644020734	0.0019013219369599180385	0.0020820414899955100707	0.0024564391390856361635	0.0034480797266227579563
2.2720877374161180485	0.85068151495093939825	0.051505187526611848784	0.022392247899720566534	0.013202476497016777354	0.0089873238026103667968	0.006661469839265103361	0.0052262985029058597049	0.0042720126689838178746	0.0036030612410369959428	0.003115784103155013568	0.0027508278651511757963	0.0024721903481853018493	0.002257094782398427392	0.0020907448814423081747	0.0019634784758348262957	0.0018692068266922387113	0.0018046319419981398031	0.0017690532669209877256	0.0017648285375763312901	0.0017989477145182876991	0.0018872181829151233331	0.002066311141688468492	0.0024374650573492191145	0.0034206239450834159779
2.2407503725644370837	0.85149788114904713257	0.051268835160036823581	0.022278732034000829932	0.013131836711304825665	0.0089374013281869272	0.0066233767346471066322	0.0051956870423625812682	0.0042464685652327186895	0.0035811184567053957646	0.0030964900412820925592	0.0027335287903572884797	0.002456415974372051925	0.0022424916082153153674	0.0020770350624456544195	0.0019504325621372204174	0.0018566238917730159625	0.0017923229121062815171	0.0017568238535143020609	0.0017524571322985331513	0.0017861495427896206889	0.0018735744806108971226	0.0020510985433877829012	0.0024191223822952270249	0.0033940960408903751592
2.2104315277085884004	0.85229137890377695304	0.051038466299839621002	0.022168248956802420659	0.013063138351054767009	0.0088888775991688275143	0.0065863667866845151169	0.0051659565560513041984	0.0042216672106976091396	0.0035598195279954952509	0.0030777667836910199806	0.0027167453905726409398	0.0024411151782437538792	0.0022283298264653299174	0.0020637423495088017769	0.001937786101007137061	0.0018444286829959725261	0.0017803955929167280235	0.0017449761570350081627	0.0017404744951627779862	0.0017737564476739824918	0.0018603660174761283806	0.0020363755862407220552	0.0024013765566119303943	0.0033684446423265534645
2.1810787483657673093	0.85306311036019327244	0.05081381481702662231	0.022060658111836906726	0.01299628951032165298	0.0088416854453192988302	0.0065503874116683576452	0.0051370638955559302212	0.0041975719519603609445	0.0035391324705376230727	0.0030595858049737177016	0.0027004517532395474488	0.0024262640396453758465	0.0022145870330646696006	0.0020508454708678795449	0.0019255186264985282027	0.0018326012438724497361	0.0017688302467008631375	0.0017334903461781094101	0.0017288603292528360878	0.0017617471702195418675	0.0018475698206872351182	0.0020221162565788281474	0.0023841956156542955468	0.0033436222681460976717
2.1526432623500956029	0.85381410308286893033	0.050594631399239240138	0.021955828133687390755	0.012931204398057831516	0.0087957622177304320225	0.0065153895965794612393	0.0051089688633686801814	0.0041741486575086641344	0.0035190275123192771708	0.0030419205622696035686	0.0026846237746792859089	0.0024118403150955087411	0.0022012424004839600033	0.0020383246572855628618	0.0019136111236107517234	0.0018211230379202077526	0.0017576085453424761293	0.0017223480112650495414	0.0017175957983594590863	0.0017501019878040579172	0.0018351645852174675926	0.0020082964392215890304	0.0023675499427022822654	0.0033195849573828303179
2.1250796541817955454	0.85454531650363376122	0.050380682182380419068	0.021853636077379182154	0.012867802817856331527	0.0087510494003331105479	0.0064813275899948245433	0.0050816339559101735054	0.0041513654969967630012	0.0034994768991758476368	0.0030247463202613312253	0.0026692389998292071362	0.00239782328872436728	0.0021882765371280235373	0.0020261615076104817639	0.0019020458980624304073	0.0018099768208239979429	0.0017467134430432222285	0.0017115320354599276653	0.0017066633942221024246	0.0017388025740149492796	0.0018231305211413753849	0.0019948937428911587476	0.0023514120518627438193	0.0032962919412642678644
2.0983455740409631344	0.85525764769512110773	0.05017174751768817043	0.021753966726262002746	0.012806009701272554172	0.0087074922617619618602	0.0064481586253097812205	0.0050550241335571216879	0.0041291927438074457085	0.0034804547208930350356	0.003008039994779648522	0.0026542764790756845608	0.0023841936391600953113	0.0021756713618032639616	0.0020143388688004846211	0.0018908064601130389051	0.0017991465264227911301	0.0017361290628323616179	0.0017010264799894209964	0.0016960468182474070807	0.0017278318738550489373	0.0018114492176959731312	0.0019818873448593336379	0.0023357563950005637671	0.0032737053516917032452
2.0724014770096160364	0.8559519365523786575	0.0499676208585410181	0.021656711968895600037	0.012745754688280809771	0.0086650395426846709309	0.0064158426723370325853	0.0050291066143704950656	0.0041076025980508657419	0.0034619367553785322087	0.0029917800127149363694	0.0026397166400617645309	0.0023709333203794294688	0.0021634099913911198516	0.0020028407286016754683	0.0018798774206720439249	0.0017886171647871644129	0.0017258405951430386617	0.0016908164815993572993	0.0016857308758731353716	0.0017171739923301880874	0.0018001035219670072978	0.0019692578523719937569	0.0023205591896190308257	0.0032517899615704326746
12.318381109192224893	0.61198741227423752678	0.094676562744316711147	0.047788442551648050048	0.030918618311524291352	0.022561374408345317903	0.017696454880965619334	0.014574102477433873919	0.012436993115056812318	0.010908582314538305216	0.009782741080019123167	0.008938586510067834017	0.00830175852082924784	0.007825268778464974997	0.0074794903421731314692	0.0072468562909145527127	0.0071193144093126106224	0.0070977920259755526485	0.0071937567291391414251	0.0074340171266621464067	0.0078722271239527391192	0.0086174408270602734221	0.0099158691804946166123	0.012452809038765992482	0.019173528938101555082
9.6133346509403745052	0.66969421927976115021	0.090415954477938989125	0.04384600806186900472	0.027632334266170273847	0.019759831371023713276	0.015240680376755062363	0.012369116216871226263	0.010417086192395073589	0.0090264809183454080269	0.008002865111730961847	0.0072328355098434037283	0.0066467502522316263858	0.0062003901905222863133	0.0058653654782798659338	0.00562395077674957339	0.0054664202291896116663	0.0053900696366613306034	0.0053998004713680105586	0.0055108817514511192233	0.0057559834024664331852	0.0062028248519747257075	0.007004495258971196969	0.0085830929192610852442	0.012712562998168867709
8.2706191272734178484	0.69818403383861442319	0.086940843063133750315	0.041315863652497472954	0.025704729291870467135	0.018203112467153306799	0.013927892017691094029	0.011225624157401639016	0.0093956581495401898985	0.0080952774244972808161	0.0071392089143072325013	0.0064197321299067695958	0.005870803801890483256	0.0054504592277899327319	0.0051316138836769239909	0.0048970892624946927928	0.0047369906765895345673	0.0046476256322010767651	0.0046317768322037642213	0.0047007696452695297441	0.0048799590826036869056	0.0052226125160007111791	0.0058494759990560630967	0.0070925750603453892256	0.010336273273264585087
7.3843763739485424142	0.71713681417147772946	0.084134238287145737829	0.039443145811776737087	0.02433200256687854611	0.01712140802772732269	0.013032040495710794526	0.010456491979032031403	0.0087169247546295283224	0.0074830234720475846655	0.0065767437752572936041	0.0058947948145600416914	0.0053739312470385961401	0.0049739636358904559358	0.0046688862243692131338	0.0044420693431119946571	0.0042836969890259135789	0.0041896496325965856057	0.0041616185470605604585	0.0042087974797654087954	0.004352520792835664827	0.0046380760308182439829	0.0051683791659505241944	0.006226096393380290363	0.0089846863619132009164
6.732679968867116112	0.73121734469431819175	0.081793831043316374849	0.037960186828556687029	0.02327102069152571366	0.016298448363072661954	0.012358449165706176566	0.0098836293631297086397	0.008215422390539347311	0.0070338016981663415955	0.0061666484627271597948	0.0055142758464986754057	0.0050157091350861449934	0.0046322068149393193217	0.0043386617736450368188	0.0041189365865811741449	0.0039633601780955474618	0.0038675995039668066137	0.0038326776274731774599	0.0038664244350266552089	0.0039875634421950765261	0.0042361769838496619758	0.0047035541749315513769	0.0056402852012064971515	0.0080837855954463123712
6.2236353909385239529	0.74233630536230760515	0.07979213010344953736	0.036736627158916578153	0.022410733153757266008	0.01563876948174909209	0.011823132366077317976	0.0094315209226448438077	0.0078219611231000284894	0.0066831793150428884868	0.00584805618232630149	0.0052199294641317357473	0.0047397257781419246997	0.0043699189923056545128	0.0040861653344291455503	0.0038727624193912253874	0.0037202007909814499035	0.0036240352455337336086	0.0035848386661976409861	0.0036094831172112995533	0.0037148339162002729017	0.0039372529221958933375	0.0043597170766324859425	0.0052099367563622350935	0.0074287843509138437908
5.8101011090744995118	0.75146878071692101294	0.078046844966363692943	0.035698390092204796817	0.021690478278641605674	0.015091371701982866896	0.011381906260671864224	0.0090609033516258650432	0.0075009102244947671249	0.0063982461173119410329	0.0055901019021301269618	0.0049824121625980967358	0.0045177328336050695911	0.0041595806340680160826	0.0038842717741842293492	0.0036764895052149106226	0.0035268858621011310155	0.0034309578743937254104	0.0033889558068310070208	0.0034070374599617021469	0.0035006654433743065106	0.0037033819272089017363	0.0040918612819170717664	0.0048764930740111100036	0.0069253407481821822886
5.4646830800861711389	0.75918004544273575454	0.076502201133092143224	0.034799151059612939513	0.021073367636961526796	0.014625744446984859325	0.011008639185879664954	0.0087487602143677954205	0.0072315344733537272886	0.0061599694819864310754	0.005375034271394343804	0.0047849321808386254676	0.0043336402398897213157	0.0039855853921317155181	0.003717662941556969282	0.0035149003940220421111	0.0033681050175256587725	0.0032727476120761523012	0.003228836968277372401	0.0032419753112897374852	0.0033265218053321314527	0.0035137922569592533818	0.0038754817425062570387	0.0046083115306938939959	0.0065230592605312835281
5.1700830411324118648	0.76582680324567310449	0.07511873433916722046	0.03400795454517326626	0.020535273052858678354	0.014222184666825613991	0.010686608452577811325	0.0084804662574785624275	0.0070007349766274048036	0.0059563864283649684103	0.0051917453509479861535	0.0046170245945261068101	0.0041774580561861925959	0.0038382780238330890764	0.0035768941502966213816	0.0033786436037812147349	0.0032344805373183454238	0.0031398687727817127517	0.0030946304187359131297	0.0031039217896483914274	0.003181207059097302245	0.0033559899862103491472	0.0036959103397642587259	0.0043865672152668094421	0.0061922341368590762988
4.914703736499360267	0.77164830229155583272	0.073867514725758884763	0.033303075917361616995	0.020059549368088649048	0.013867240910867846237	0.010404482326064392483	0.0082461688866433383889	0.0067997301464285597743	0.0057795104195285932571	0.0050328469973588369454	0.0044717525002468342539	0.0040425850464687328135	0.0037112974089269553724	0.0034557607459911081657	0.0032615927885856634844	0.003119885786729179914	0.0030261087472477193744	0.0029799357947635569081	0.0029861565500384744953	0.0030574919104516660755	0.003221935859570503181	0.003543747037748046329	0.0041992576667905886693	0.0059140701667844201686
4.6904087576589936948	0.77681259835490799008	0.072726709155758509232	0.032668680137857288011	0.019634235230976413064	0.013551331089698055925	0.010154239517078856688	0.008038928419731154869	0.0066223601805775064362	0.0056237593232910628548	0.0048931917254709759098	0.0043442967969559987318	0.0039244476434475753274	0.0036002475589728998551	0.0033499853537476865353	0.0031595346276433160385	0.0030201171896268165234	0.0029272150836734282128	0.0028803827590981355392	0.0028841023795929668742	0.0029504658298113931785	0.0031061855068432143035	0.0034126479734040807547	0.0040383179546826906505	0.0056760202071519844719
4.4912820589086654252	0.78144210348580319552	0.071679437689221256809	0.032092870661934487307	0.019250452128717143031	0.013267395935083471972	0.0099300027281802226783	0.007853681892652672038	0.0064641471749087739419	0.0054850877573168354584	0.0047690594539596067009	0.0042311835095007929176	0.0038197566060497178362	0.0035019739625265237841	0.0032565051251407385386	0.0030694584159158643802	0.0029321771906543087588	0.0028401616528171588489	0.0027928678787371865172	0.0027945161198996027621	0.0028566577038246126226	0.0030049004902432841404	0.00329815403871593429	0.0038981006791790852015	0.0054693477190175239115
4.3128958345472791164	0.7856286369645811201	0.070712382111548129286	0.031566485846047909434	0.018901433633417474338	0.013010090598739757044	0.0097273432141054498175	0.0076866285786804209918	0.0063217401950446563031	0.0053604767289958234791	0.0046576807282783114057	0.0041298321599631360323	0.003726073742359677724	0.0034141428862858004124	0.0031730584143194632382	0.0029891451021834185197	0.0028538604561040192187	0.0027627261773223096585	0.002715116376639068424	0.0027150252212008480996	0.0027735335219482768507	0.0029152850971453508632	0.0031970261121443553528	0.0037745172204152655766	0.0052877589125299579535
4.1518559347842473295	0.78944275978067935014	0.06981485100998129786	0.031082322900135230429	0.01858190856106610811	0.012775275359427032455	0.0095428452899439813228	0.0075348469878328944939	0.0061925707210868568531	0.005247617795180319456	0.0045569425226826822421	0.0040382778236622979108	0.0036415459116985370451	0.0033349836944621613474	0.0030979321735596439251	0.0029169166676306450987	0.0027835020577917849338	0.0026932336862126431475	0.0026454165843570709272	0.0026438475641281317808	0.0026991934368257243045	0.0028352475859170989195	0.0031068464602727310174	0.0036645248409514814381	0.0051265905845142947238
