7.5519163555070137378	0.264833441718612071	0.1324167208593060355	0.088277813906204023666	0.066208360429653017749	0.052966688343722414199	0.044138906953102011833	0.037833348816944581572	0.033104180214826508875	0.029425937968734674555	0.026483344171861207099	0.024075767428964733727	0.022069453476551005916	0.020371803209124005461	0.018916674408472290786	0.017655562781240804733	0.016552090107413254437	0.015578437748153651235	0.014712968984367337278	0.013938602195716424789	0.01324167208593060355	0.012611116272314860523	0.012037883714482366864	0.011514497466026611783	0.011034726738275502958
5.1011399400892578032	0.33910085644907990798	0.15395385383738172336	0.095158578070387252427	0.066991482128379150575	0.050730519700326899758	0.040265733106305981383	0.033030843168596666832	0.027767209333269003898	0.023788393594278482821	0.020689787269513270502	0.018218282621538344164	0.016207906724183217221	0.014545576645904479887	0.013151759033789783018	0.011968997955157892918	0.010954824578771639438	0.010077219255716344139	0.0093116184696496905075	0.008638888328405688842	0.0080439205129215141339	0.0075146394381120972322	0.0070412872893448190357	0.0066159006717793394122	0.0062319218172068106072
4.2062388363483125273	0.37608823325649724459	0.16167377882334808608	0.095985595424210076054	0.065437829829974360286	0.048245980817930673959	0.037426359004604576482	0.030093392843996724479	0.024853153226144037333	0.020956081724999105641	0.017966165424782281044	0.015614017339118138263	0.013725045830820428619	0.012181605835613374253	0.010901819864890008753	0.0098271262471115662299	0.0089146487110931940433	0.0081323526980482919182	0.0074558757908053866546	0.0068663979889217698889	0.0063491769698392268132	0.0058925196821693491136	0.0054870468523479367215	0.0051251581854252030443	0.004800637627308959796
3.6733548765602504062	0.40174004666462561776	0.16580965792957205549	0.095627119429889299047	0.063745655098115924699	0.046149154030741843022	0.035257299250097121955	0.027981269293714521677	0.022847598004660324075	0.01907298769256503317	0.016206567376014605737	0.013972461525467720838	0.012193475882427690303	0.010751208703215053039	0.0095638992709952337051	0.0085734977243117351296	0.0077377953435033415547	0.0070254612472600325487	0.0064128145396036089597	0.0058816681585619364908	0.005417854281651669128	0.0050101945570323064752	0.0046497674237814993909	0.0043293779871203391692	0.0040431685850714867262
3.3034696881093910123	0.42150229137546665859	0.16830373376010208289	0.094864011563221705579	0.062148665671775262791	0.044375735897683593036	0.033519380556842166995	0.026348627040316911566	0.02133867693269928587	0.017686714809339591578	0.01493464019244713422	0.01280436555686383465	0.0111185663520510056	0.009759541661315408494	0.0086465143284944732629	0.0077224600003275699852	0.0069461359061777082102	0.0062870801219553967857	0.0057223755976829746672	0.0052344987775129610909	0.004809854841912892919	0.0044377591451853041032	0.0041097154299510954776	0.0038188955888030094297	0.0035597588918719721797
3.0252684142989497023	0.43759759613063663731	0.16988540551474775475	0.093947185687689410364	0.06068339846611643597	0.04285257437489559875	0.032079861518810526141	0.025029825218639187205	0.020143066476148914251	0.016605328925761171083	0.013955406107534861159	0.011915180315295100136	0.010308372237765145874	0.009018614648096348492	0.0079664456746415753035	0.0070960279471337921629	0.0063671490430438403357	0.0057502252229768421334	0.0052230817651271000234	0.0047688207595953151968	0.0043743747205950991402	0.0040295042692021393889	0.0037260901747818152322	0.0034576246563201063026	0.0032188401444452831231
2.8052677779891826038	0.45117345526323473099	0.17090366987143460072	0.092978357224804606491	0.059345931143383674603	0.041524833773716765916	0.030858334032993049747	0.023931873128454697296	0.019162277593930157416	0.015728852192396870597	0.013169708498216606076	0.011207899616016250473	0.0096687830246643588329	0.0084376027628802665016	0.0074363249765595525503	0.0066103251760333951764	0.0059204022269266592703	0.0053378094212059844743	0.0048410636915822887402	0.0044138394617712104679	0.0040435443142090424969	0.003720334792789525172	0.0034364231188971620652	0.0031855803024963469703	0.0029627743914021969645
2.6251816184915558125	0.46290560323466337789	0.1715498503797066754	0.092003790508343524827	0.058123325675047382701	0.04035267965217112203	0.029802546184902494365	0.022997245157228828491	0.018337234982889033337	0.014998653146115344773	0.01252042680504884908	0.010627465129211744234	0.0091470594367244146431	0.007966172184595380532	0.0070082116131125136582	0.0062197358290637710506	0.0055625052878161025501	0.0050085540233021112943	0.0045370342369599286131	0.0041321393464177775737	0.0037817030669596963106	0.0034762337498597326428	0.0032082357034990540095	0.0029717238096536934631	0.0027618708567074464753
2.4739891189029216538	0.47322761529341338243	0.17193858985945376723	0.091045700776082470285	0.057001705866541270975	0.039306787791669542375	0.028876684456217077175	0.022187893226786266674	0.017629772472754060275	0.014377512448626673595	0.011971808472574724181	0.010139818975123518332	0.0087109069410708395494	0.0075737736152714329429	0.0066532372116351875317	0.0058969850972065426029	0.0052676798767963264728	0.0047380779296789607652	0.0042879125365593008882	0.0039018472922028165807	0.0035680987799110827634	0.0032774891598500356354	0.0030227816139863576646	0.0027982059280271996513	0.00259911437856116335
2.3445672519800610336	0.48243515328470334689	0.17214306476316774596	0.090114809447127551457	0.055968433608790046026	0.038365114841654214035	0.028055166724987067086	0.021477377546062445063	0.017013861764605320464	0.013840407747363015433	0.011500093397062959736	0.0097225456477493278364	0.008339247071748601229	0.0072406126697568668042	0.0063528171930706766707	0.0056246157804879980341	0.0050195127552894303071	0.0045109312554594329565	0.0040791361583144379433	0.0037092179409292440896	0.00338973851710533253	0.0031118014543803980371	0.0028684008859830791948	0.0026539574369227939073	0.0024639821072786681169
2.2320646010845978905	0.49073925070629652789	0.17221224938159825295	0.08921598525228208055	0.055012563639159337346	0.037510741286287001764	0.027319108022729902719	0.020846609556875680861	0.016471001242570629727	0.013369764012714705881	0.011088754572813653873	0.0093601803046194421187	0.0080176392740823255759	0.0069532115632307873034	0.0060943661540580634982	0.0053908632695139208325	0.0048069911994840487861	0.0043167887577025244904	0.0039010081486982259815	0.0035451287612028246091	0.0032380254260276392755	0.0029710554904455327951	0.0027374204802701363686	0.0025317117378961592693	0.0023495817594405956763
2.1330392200251080646	0.49829599378613078658	0.17218015121556600337	0.088350996185385765753	0.054124776318691073909	0.03673043123627033172	0.026654188279205059108	0.020281380713109797645	0.015987599639451137002	0.012952802053500682516	0.010725874669378198576	0.0090416495016246220534	0.0077358057163972505696	0.0067020280869112948261	0.0058690150578223810834	0.0051874712944290786811	0.0046224153959010581448	0.0041484556324029179739	0.0037467922403280685678	0.0034032603071390781883	0.0031070195603489585785	0.0028496574752681443962	0.0026245629676687529484	0.0024264811339118564347	0.0022511915331577012879
2.044967804603300568	0.50522417497425117013	0.17207109173656205571	0.087519935069784255282	0.053297169063587524829	0.036013654197327534916	0.026049304031066418162	0.019770846809846402852	0.015553401388181715564	0.0125799644426271373	0.010402605366558755304	0.0087587816031689462768	0.0074862016106494993233	0.0064800894609205834356	0.0056703091533152092025	0.0050084526343592059852	0.0044602196354884308591	0.0040007463392931031698	0.0036116462032773262818	0.003279080925562445988	0.002992470817784791157	0.0027436131210270279	0.002526067035116344981	0.0023347169877117770283	0.00216545739253233822
1.9659500617763467198	0.51161635149666242773	0.17190288941185293845	0.086721991381580174787	0.05252303152305839484	0.035351906360925156575	0.025495682121418664911	0.019306556280057131302	0.015160493146309463528	0.012243934063820778786	0.010112215707998828048	0.0085053938335984592943	0.0072631448072378371565	0.0062821654322684739219	0.0054934238965431735113	0.0048493462760972661277	0.0043162686546882403197	0.0038698178632182370145	0.003491989713879595892	0.0031692469603494275119	0.0028912493011217641216	0.0026499861042022384251	0.0024391721177239267174	0.0022538187367140254734	0.0020899248086733754183
1.8945223095635511772	0.51754607066579891815	0.17168886233495384716	0.08595588261956572096	0.051796643443340590775	0.034738229594682521799	0.024986277798555883584	0.018881804055584168291	0.014802652260762724904	0.011938997078372843703	0.0098494794976678347713	0.0082767086161072507254	0.0070622626001325423036	0.0061042454199303816521	0.0053346714170976246421	0.004706751727612305924	0.0041874181186315929246	0.0037527546335253544565	0.0033851120042488139269	0.0030712314994219883302	0.0028009936267989304179	0.0025665645064463431979	0.002361801651011868547	0.0021818327412047714874	0.0020227520885451772319
1.8295354003341285004	0.52307275853301684118	0.17143913384012415531	0.085220100527659609736	0.051113104144595532926	0.034166863678819437233	0.024515354459104090186	0.018491188518667175251	0.014474905412468206169	0.011660615326976125396	0.0096102671128332637067	0.0080689670499660306003	0.0068801272990718410064	0.005943195646330342459	0.0051911781818228610447	0.0045780259623345885034	0.0040712295203415989191	0.0036473000620066398255	0.0032889187773128535438	0.0029830854822057225071	0.002719885126421789789	0.0024916470998203690688	0.002292360515057098855	0.0021172600433424265222	0.001962527679701400245
1.7700721673283783947	0.52824512653938962965	0.17116150965147766204	0.084513053130056517702	0.050468192339320542038	0.033632990240020963688	0.024078183118715049564	0.01813029964428629909	0.014173221283595253566	0.011405131007226619681	0.0093912654441424575637	0.0078791651742267242092	0.0067140087409560981883	0.0057965272452102048769	0.0050606677778361692139	0.0044610798530001700791	0.003965779229006994908	0.0035516772053059336871	0.0032017635430772127932	0.0029032788396480743	0.0026464979930133929566	0.0024239017725002124412	0.0022296010795831259539	0.0020589294332173454648	0.0019081497151873465051
1.7153900463794373585	0.53310360610789476191	0.17086208252142747287	0.083833146555518641438	0.049858252037497957232	0.033132541047173827198	0.02367082297809806002	0.017795494457277805064	0.013894291403617408142	0.01116955763649442312	0.0091897808435504347429	0.0077048693264903818822	0.006561701763060119899	0.0056622352074503801577	0.0049413105438375197925	0.0043542376625366556698	0.0038695270314012115773	0.0034644655923825435255	0.0031223320243978852898	0.0028305918309952829312	0.0025796969610122362697	0.002362269020477319893	0.0021725320277790814367	0.0020059111724508879755	0.001858744247177701849
1.6648802370645290563	0.53768212699323243204	0.17054565840144979151	0.083178831361900763944	0.049280099903983729384	0.032662052315399338481	0.023289958240303146336	0.017483732125394243485	0.013635370602736885342	0.010951428890933783337	0.0090035974042790167405	0.0075440839525365251076	0.0064214031661520329077	0.0055386839140477759269	0.0048316170154040072793	0.004256137739003391329	0.0037812234429230458577	0.0033845145628763551972	0.0030495609842839886062	0.0027640388723409913092	0.0025185656966742738054	0.0023058945050726188147	0.0021203547267368845037	0.0019574568598039637816	0.0018136083225310148969
1.6180380255600683937	0.54200944135798966706	0.17021606272475282279	0.082548627640469764494	0.048730949919684766982	0.032218552454852682153	0.02293277477329701693	0.01719245071676751453	0.013394158722426156715	0.01074868722089229888	0.0088308730528939556845	0.0073951550894142268952	0.0062916222009452785487	0.0054245241150482726238	0.0047303608526409567663	0.0041656608601633223991	0.0036998429702805513317	0.0033108809905651545101	0.002982579996190789436	0.0027028139818315152291	0.0024623555853323871289	0.0022540808848962726231	0.0020724178385930978552	0.0019129565843013166397	0.0017721694657702119154
1.5744408195436715818	0.54611012639747244317	0.16987636433641923995	0.081941137343076007487	0.048208351894478037951	0.031799474507526108967	0.022596865527494909477	0.01691947365433041457	0.013168711483269216446	0.010559600395445939214	0.0086700620528331714924	0.0072566986576356023529	0.0061711142815672917483	0.0053186316256877525287	0.0046365220709925552353	0.0040818775709464609696	0.00362453516031651527	0.0032427836851824686897	0.0029206688772735828284	0.0026462509574480365672	0.0024104483984177973698	0.0022062527451676464366	0.0020281843103623986979	0.0018719077959839626716	0.0017339562706724399988
1.5337316238273784566	0.55000535503511240829	0.16952904172781102247	0.081355048917322657029	0.04771014105068387558	0.03140258706575450858	0.022280157053421213129	0.016662937717681785362	0.01295737234412210245	0.010382698034262733934	0.0085198563181452510207	0.0071275463513144163351	0.0060588311181222987076	0.005220061328538359952	0.0045492445439219006083	0.0040040088406652407047	0.0035545880963127660371	0.0031795694445518857134	0.0028632260440868774786	0.0025937938125533653162	0.002362328610801474534	0.0021619306215534589754	0.0019872069489914970706	0.001833892294431012823	0.0016985766798378878848
1.4956064262755979492	0.55371349635470393707	0.16917610813305265071	0.080789137356535113223	0.047234396468927921798	0.031025939205421389685	0.021980851736391634158	0.016421236930993610938	0.012758719726297184773	0.010216722688907688015	0.008379140358682105984	0.0070067042336772542389	0.0059538826657556734109	0.0051280121606444008165	0.0044678037235336420855	0.0039313962359878254689	0.0034894007697971872758	0.0031206873994536548065	0.0028097446307523657856	0.0025449744911568487418	0.0023175625578674686411	0.0021207114621333204303	0.0019491100673426737347	0.0017985589518530911222	0.0016657016901313570282
1.4598044412637082787	0.55725058908192546566	0.16881920682772707836	0.080242261582040653781	0.046779406653260685082	0.030667816172730890736	0.021697381898416160355	0.016192978332980485594	0.012571525653737682187	0.01006059167875052813	0.0082469562594809758794	0.0068933206526006485475	0.0058555077160274679319	0.0050418001141828067795	0.0043915817983674321341	0.003863479006174657801	0.0034284618880494154887	0.003065669361996151302	0.0027597942186221633861	0.0024993958387818668961	0.0022757825246234162612	0.0020822537267158415067	0.0019135754986255762973	0.001765610558762117236	0.001635052955419832728
1.4261004729724783529	0.56063071907284000927	0.16845968453502802137	0.079713360348108975468	0.046343640840813813697	0.030326703412361035345	0.02142837297178256177	0.015976946750992430309	0.012394722990648100013	0.0099133669874960980726	0.0081224761516425664126	0.006786661091896599702	0.0057630509019095087938	0.0049608371698721523645	0.0043200483456860574251	0.0037997762655334468443	0.0033713334195425939608	0.0030141145871772941299	0.0027130066854319711931	0.0024567184268610947401	0.0022366744470819665625	0.0020462658791467648978	0.0018803318040945188635	0.0017347936805892621802	0.001606393233463156533
1.3942988728375828048	0.56386632328875556722	0.16809864853892915058	0.079201447409060368934	0.045925724969888693888	0.0300012571310443516	0.021172613685950082524	0.0157720764800679189	0.012227379234168176817	0.0097742312779442670717	0.0080049803487979096227	0.0066860882519703454064	0.0056759445259730929794	0.0048846146819529698807	0.004252745098413970304	0.0037398729864040779261	0.0033176376758604810071	0.0029656778239673367564	0.0026690651212243342327	0.0024166502426599539532	0.0021999682970018581032	0.0020124973977123310277	0.0018491458485662957785	0.0017058907451573135381	0.001579518938529151991
1.364228710812747103	0.56696843681633489047	0.16773701152872893196	0.078705606405414609263	0.045524421445506561133	0.029690280029275062731	0.020929031732795206142	0.015577428315182112338	0.01206867536148384373	0.0096424686045472881378	0.007893839818975891669	0.0065910461206745789091	0.0055936940599064893884	0.0048126901445144479172	0.0041892738317636158992	0.0036834088765667019319	0.0032670470667275333618	0.0029200598496266248476	0.0026276950566579288634	0.0023789385375683595291	0.0021654304858452399282	0.0019807316787370491397	0.0018198161547193874476	0.0016787138048015699736	0.0015542542736460753603
1.3357398814114256638	0.56994689529140728554	0.16737552710579780832	0.078224985747324819709	0.045138612016992981649	0.029392701155150325388	0.020696673752141943685	0.015392170775420359097	0.011917888614807424599	0.0095174487715075977742	0.0077885020099801769157	0.0065010471223725393323	0.0055158664697860732663	0.0047446765552456681347	0.0041292866421586865866	0.0036300694651733892972	0.0032192758990012916814	0.0028769999005004425789	0.0025886574553908409284	0.00234336332034624007	0.0021328578062579058116	0.0019507803805662344178	0.0017921676097153400824	0.001653099570768028759	0.0015304465621865964474
1.308699937192103008	0.57281050206132969299	0.16701481811301045211	0.077758793660078989624	0.044767283219307114668	0.029107559072402432655	0.020474688754418383127	0.015215564641175448428	0.01177437838369746248	0.0093986145475852947305	0.0076884792946692034743	0.0064156616657430722988	0.0054420807386195486806	0.004680233795160127492	0.0040724780799101669242	0.003579578897582947764	0.0031740737552260094349	0.002836269566735218817	0.0025517430667901598268	0.0023097321176668496094	0.0021020725570869852747	0.0019224788754633235997	0.0017660472112698063277	0.0016289054249055570528	0.0015079625001657526192
1.2829914938142281011	0.57556716721512821735	0.16665539939733654445	0.077306293484280451251	0.04440951393731267966	0.02883398771292408711	0.020262314300204582578	0.015046950132213080587	0.011637574545162481008	0.009285471139749431938	0.0075933394818950427506	0.0063345095783470941246	0.0053720001136675583475	0.0046190615880105577863	0.0040185787322467403464	0.0035316940654205668637	0.0031312201048765360093	0.0027976678282193533254	0.0025167678380888536358	0.0022778757207988618275	0.0020729185886346676448	0.0018956825623258725936	0.0017413206208161744386	0.0016060061897312980346	0.001486685122609266184
1.2585100882073404984	0.57822402398191179146	0.16629769621848331552	0.076866799277546097551	0.044064464736780901313	0.028571204418881322506	0.020058864907882957596	0.014885736207581682989	0.011506967770059834384	0.0091775774679266544662	0.0075026979700294097273	0.0062572530381258216449	0.0053053257195485236901	0.0045608937085231156365	0.0039673499512612418152	0.0034861997893294977139	0.0030905198863601175367	0.0027610169883469801553	0.0024835691592762021865	0.0022476447067681978592	0.0020452580700986195346	0.0018702638545025979367	0.0017178693492446576937	0.001584291492550033588	0.0014665113289804255317
1.2351623989250844565	0.58078752678162319772	0.16594205922578688682	0.076439671735782712043	0.0437313686727978966	0.028318499782388534481	0.019863722274791336334	0.014731391582981864392	0.011382101414592556269	0.0090745388870696463067	0.0074162112170314906634	0.0061835907021190636421	0.005241791261680350659	0.0045054931860272591583	0.0039185794931861661209	0.0034429048386357421063	0.0030517998599694431032	0.0027261593201320523121	0.0024520027681316482497	0.0022189065730103194283	0.0020189688286805713855	0.0018461097016669281442	0.0016955884427661956316	0.0015636635989923043783	0.0014473498501558337734
1.2128647582357481987	0.58326353429412829181	0.16558877671074199498	0.076024314434312723834	0.04340952333938480595	0.02807522896992592969	0.019676326984199740621	0.014583437147889768115	0.011262564698702972189	0.0089760010807189732696	0.0073335712735424022219	0.0061132527998910995677	0.0051811586067821689651	0.0044526483075820119585	0.0038720778886942405547	0.0034016386215799026614	0.0030149055779286167186	0.002692954281996622793	0.0024219401827566157266	0.0021915433618851712155	0.0019939421448622816319	0.001823119537589827043	0.0016743845673972583182	0.0015440356205114286237	0.0014291195669951516202
1.1915419008939261271	0.58565738021297553953	0.16523808468226129261	0.07562017037845131784	0.043098283966563315535	0.027840804280156831822	0.0194961714371866025	0.014441439530876154104	0.01114798693621318822	0.0088816449092444217909	0.0072545011802447202214	0.0060459970097615546578	0.0051232140738873605282	0.0044021692678611996603	0.0038276754038390928217	0.0033622484167557150663	0.0029796988520110066905	0.0026612761925051026393	0.002393266558749329204	0.0021654496792667496573	0.0019700809144209131063	0.0018012035701236274099	0.0016541744135716203647	0.0015253300220592881926	0.0014117481110140557766
1.1711259062186216663	0.58797393381206674933	0.16489017519103345814	0.075226718847074193859	0.04279705740514002713	0.027614688731884803803	0.019322793800185040168	0.014305005612480833343	0.011038032629888940272	0.0087911820410325297323	0.0071787510724401831741	0.0059816049744099328147	0.005067765304771882448	0.0043538853457533869808	0.0037852194814443888335	0.0033245970443337487683	0.0029460556251172766545	0.0026310122773984225923	0.0023658788906031934369	0.0021405310323685070739	0.0019472981073608260774	0.0017802813480950753335	0.0016348833596645317818	0.0015074773724318293684	0.0013951706930202387902
1.1515552990464108402	0.59021765203612612099	0.16454520323765185661	0.074843472509617703729	0.042505296866931776514	0.027396390516768279435	0.019155772799315569748	0.014173777824515302321	0.010932397281952343962	0.0087043512296172012519	0.0071060948668532589303	0.0059198793419214815748	0.0050146386098369288486	0.0043076425126158536064	0.0037445725757915178253	0.0032885608969443374281	0.0029138641729293114606	0.0026020610206006322717	0.0023396844939606576543	0.0021167024278751591835	0.0019255154688167539747	0.0017602805537500347568	0.0016164443463115973198	0.0014904152921011903823	0.0013793291171951301314
1.132774282033231683	0.59239262449956502988	0.16420329252897466518	0.074469974795743633982	0.042222497310394263041	0.027185458181452200418	0.018994723224341186109	0.014047430105563445128	0.010830803799660024903	0.0086209151267195519254	0.0070363274304987420699	0.0058606412411462058966	0.0049636767064252197024	0.0042633013963730513781	0.0037056103111874832793	0.0032540282664628181691	0.0028830235769039133537	0.0025743307649240279494	0.0023145997184251345557	0.0020938871836376810909	0.001904662418371859362	0.0017411359800595722389	0.001598796923418101505	0.0014740875627705238798	0.0013641709469816650343
1.1147320771515609104	0.59450261252133546812	0.16386454029301345388	0.074105797496871471572	0.041948191379721695106	0.026981476427756183221	0.018839292030190900539	0.013925664406783163202	0.01073299939838838027	0.0085406575422624118393	0.0069692621508319652324	0.0058037281180068807439	0.004914736782835203503	0.0042207355405999367643	0.0036682199087474118481	0.0032208979156221681983	0.0028534424215948685063	0.0025477385190669473914	0.0022905488507335879414	0.0020720159165982645312	0.0018846751130225750143	0.0017227886604241658036	0.0015818864394731553707	0.0014584433701445912608	0.0013496487959751500286
1.0973823584419660597	0.59655108311950926344	0.16352902132056696561	0.073750538579466165167	0.041681945820292074348	0.026784062438816457292	0.018689154944005400973	0.01380820766140480974	0.010638752922700787422	0.0084633810790481198246	0.0069047288416348494367	0.005748991873329785849	0.0048676888340545529896	0.0041798299094258050219	0.0036322988364719396056	0.00318907785327695137	0.0028250376784351069264	0.0025222089359664180136	0.0022674631759561905248	0.0020510256769336064286	0.0018654956458559377266	0.0017051851247065095495	0.0015656633487786305605	0.001443436657043594658	0.0013357197223200776516
1.0806827614031737826	0.59854123872655025509	0.16319679136890677	0.073403820191064171064	0.041423358305496073541	0.026592862654633191649	0.018544013501698582815	0.013694809146716841702	0.010547852520211594437	0.0083889050829719565984	0.006842571931147408122	0.0056962972537822287536	0.0048224142252965543796	0.0041404795983068327053	0.0035977536461548054528	0.0031584842799232924349	0.0027977337452910962748	0.002497673434212835737	0.0022452801705558896772	0.0020308592041424943629	0.001847071357857346167	0.0016882767605282964629	0.0015500826168938340141	0.0014290255683941412902	0.0013223447092635073588
1.0645944570469736613	0.60047604325546919681	0.16286789003692165413	0.073065286841326453363	0.041172054620022238354	0.02640754993310662031	0.018403592450962984225	0.013585238179687001185	0.010460103614535381738	0.008317063860165090564	0.0067826488885562279099	0.005645520456254624398	0.0047788044474112021815	0.0041025887180200396526	0.0035644989673525393188	0.0031290406762362089109	0.0027714616167783339264	0.0024740694394832976293	0.002223942806008805194	0.0020114642853304202528	0.00182935424448705299	0.0016720192627108836904	0.001535103208292282147	0.0014151719731010084161	0.0013094882177804529344
1.0490817807568303503	0.60235824504135703346	0.16254234320062399156	0.072734603741796452234	0.040927686152984405445	0.026227821042956915874	0.018267637468134617867	0.013479282097344247265	0.01037532713284384608	0.0082477051209077128507	0.006724828852644621993	0.0055965479130268611025	0.004736760034623499864	0.004066069425058911363	0.0035324566339850406429	0.0031006770122877066376	0.0027461581648430971461	0.0024513397271235442902	0.0022033989455540187953	0.0019927931995383082988	0.001812300442013001585	0.0016563721568686148779	0.0015206876431569098857	0.0014018410505533469212	0.0012971177997732936525
1.0341119077881211359	0.6041903970968923885	0.16222016508159867729	0.072411455289433390223	0.040689927661191808761	0.026053394443381745327	0.018135913144880767475	0.013376744481144952604	0.010293357951025119226	0.0081806886169724201247	0.0066689914326082038328	0.0055492752306917777704	0.0046961896201778199611	0.0040308410762874334146	0.0035015549234143243623	0.0030733290590354619078	0.0027217655127302055944	0.0024294318503462526948	0.0021836008197326811057	0.0019748022348337678	0.0017958697812618248382	0.0016412983856606296069	0.0015068016125773900052	0.001389000931711858568	0.0012852037624090988797
1.0196545686220245994	0.60597487505023612045	0.16190136000791202994	0.072095543680337549553	0.040458475268635909344	0.025884008312277275721	0.018008201207676352569	0.013277443591154107187	0.010214043525519184786	0.0081158849445928470062	0.0066150256560617984671	0.0055036062603652375232	0.0046570091096085471275	0.0039968294894830404864	0.0034717278912979293586	0.0030469377868346196555	0.0026982304883659042067	0.0024082976411981814592	0.002164504568861431055	0.0019574512671902247883	0.001780025398597349747	0.0016267639482113689225	0.0014934136432886582177	0.0013766223864823554606	0.0012737188758119768805
1.0056817985022955708	0.60771389307609520469	0.16158592391649089862	0.071786587641355984682	0.040233044673106823113	0.025719418790620249715	0.017884298938797268837	0.013181210981289344519	0.010137242685872927969	0.0080531744897678100041	0.0065628290433532754805	0.0054594522804173926523	0.0046191409547204474613	0.0039639662944603713187	0.0034429147883089975663	0.0030214488382864501672	0.0026755041455393221562	0.0023878927736198793511	0.0021460698425936860173	0.0019407033920429180188	0.0017647333956699920121	0.0016127375848277552793	0.0014804948046028393417	0.0013646785504996782511	0.0012626381176604828889
0.99216771639708097231	0.60940951808318826485	0.16127384563749058621	0.071484321268439804443	0.040013369534922258699	0.025559398415407564629	0.017764017772323422204	0.013087890271337593834	0.010062824566140894357	0.0079924464963124693266	0.0065123067906465141003	0.0054167312759873547209	0.0045825135141071416676	0.0039321883619637313104	0.0034150595470922271567	0.0029968120648223073451	0.0026535413431809595655	0.0023681763796866144649	0.0021282594483541967386	0.0019245246009240828515	0.00174996254088789981	0.0015991905004535928114	0.0014680184514139598899	0.0013531446855960802679	0.0012519384493204786582
0.97908832937749669796	0.61106368238193371902	0.16096510799427636768	0.071188492961711780346	0.039799200026187143692	0.025403734717555882452	0.017647182042599964436	0.012997336055145781182	0.0099906676566266835329	0.0079335982401159805088	0.0064633710469870849119	0.005375367302029168942	0.0045470604882870415659	0.0039014372995609785581	0.0033881103296888468421	0.002972981118126424731	0.0026323003746019006388	0.0023491107115609298341	0.0021110390417645685603	0.0019088834968146191315	0.0017356840067087944515	0.0015860961213719878629	0.0014559599981551147037	0.0013419979691653510608	0.0012415986190238853769
0.9664213590229423081	0.61267819502337375278	0.16065968874702254018	0.070898864448195316478	0.039590301521911307121	0.02525222896452116732	0.017533627865903225611	0.01290941292745420473	0.0099206589602518581222	0.0078765342955861372678	0.0064159402728363043121	0.0053352899186869338453	0.004512720419390410075	0.0038716590054543962397	0.0033620191271964757829	0.002949913088902160277	0.0026117426398427898512	0.0023306608428704809002	0.0020943768532703246406	0.0018937510428621072527	0.0017218711377923974466	0.0015734298805434116099	0.0014442967194069717715	0.0013312173084012385398	0.0012315989883240878503
0.95414608697530630787	0.61425475197292352185	0.16035756140333120274	0.070615209884055907959	0.03938645341678421068	0.025104695030222252328	0.017423202138818223253	0.012823994614399935766	0.009852693240162666437	0.0078211658823554570547	0.0063699386694435655298	0.0052964336894947597259	0.0044794362468653550184	0.0038428032725151219055	0.0033367414046956300435	0.0029275681866426593915	0.0025918323553417884181	0.0023127944042002499098	0.0020782434460805815975	0.0018791003399489940133	0.0017084992458279908187	0.0015611690276886349511	0.0014330075735304780361	0.0013207831760197938485	0.0012219213786510187016
0.94224321719028028316	0.61579494525952076217	0.16005869591549079796	0.07033731502901926478	0.039187448053512122072	0.024960958377236746363	0.017315761639153737297	0.012740963194860411295	0.0097866723471260313022	0.0077674102820693662583	0.0063252956699958268227	0.0052587377343092742346	0.0044471549119451036647	0.0038148234360022862156	0.003312235785524557631	0.0029059094550253278134	0.0025725362960089111094	0.0022954813481957937193	0.0020626115012765704996	0.0018649064292845796137	0.0016955454274921716083	0.0015492924608222099465	0.0014220730462535286982	0.00131067746459655309	0.0012125489352780658304
0.93069475278984546099	0.6173002712213641957	0.15976305928087428205	0.070064976486362486278	0.038993089750423658018	0.024820855138257261483	0.017211172217176341535	0.012660208401608550117	0.0097225046168941807441	0.007715190316538951754	0.0062819454847946794919	0.0052221453300613003551	0.0044158270046819611204	0.0037876760593901851231	0.0032884637698583811573	0.0028849025183470871814	0.0025538235655245303441	0.0022786937404454892724	0.0020474556265643907245	0.0018511461167673646726	0.0016829884025236496716	0.0015377805764372053179	0.0014114750116034341383	0.0013008833570818750952	0.0012034660064185586299
8.1732248869364053255	0.34394151070449442857	0.11205200828830080809	0.077371314899224036669	0.05832377458797800578	0.046708814960068876777	0.038965214657512489655	0.033440036603392674424	0.029300640418761521646	0.026085616175338765816	0.023518465826400455425	0.021423448010365618712	0.019683667414651701587	0.018218546411616219543	0.016971002361914029394	0.015899836581493526798	0.014975115350508757973	0.01417542452281715774	0.013486499115100770542	0.01290122901580369336	0.012421797200718541164	0.012066733274158579284	0.0118946227164871686	0.012117937800046422255	0.014056743102845750291
5.9328893772984873036	0.4160537345579001603	0.12135818385757901722	0.080215757475343641889	0.057861654983868659728	0.044506604905923103333	0.035794399794621158097	0.029706482013134501594	0.025234880888971246509	0.021826399971350520948	0.019152655860523062824	0.017006824405003249802	0.015252505367164503215	0.013796372984014591746	0.012572668498764930852	0.01153399923773137739	0.010645702622222127662	0.0098823624356446909094	0.0092257672089030038012	0.0086640701168240127433	0.0081924473879517030234	0.0078167925993404362719	0.0075672675468548742459	0.0075644879610088583567	0.0085679773193565675958
5.0019069070027490291	0.45323589530372417021	0.12391237656234119899	0.080080526852894396811	0.056445137695865858233	0.042520379217612282408	0.033568512785422817123	0.027398914422485655056	0.02292535492218076542	0.019556261695601777337	0.016943105536798284508	0.014867977683634549148	0.013188180495748723377	0.011806728325536564295	0.010655693330782988037	0.0096863583216803969378	0.0088631909624847909746	0.0081600958306443780357	0.0075581484531909535181	0.0070444841944058058104	0.006612487009819701318	0.0062644121348104300678	0.0060216725161990721846	0.005975709350600260338	0.0067083963955341798907
4.4240551421292124397	0.47902135331188980599	0.12476987288535198356	0.079388473324743830998	0.055058352639544931634	0.040877725330701336048	0.03186310415215350551	0.025714904650878912706	0.021299630826806684367	0.018003951041767684614	0.015468779177834513789	0.013470966041936751506	0.011865234438401243549	0.010553391746323009541	0.0094670164320866830436	0.0085572567179944113361	0.0077886022531830637695	0.0071350056323310955336	0.0065775079777657461603	0.0061029935807732069248	0.0057041367087608316328	0.0053814582245547634556	0.0051518671030294027147	0.0050913242167422980082	0.0056870915844443035935
4.0131720842436422792	0.4988092387474569102	0.12491625169476668745	0.078540679749570964538	0.053792380679919177978	0.039494227822391673107	0.030487584058494800467	0.024396441746450651759	0.020055682347450423492	0.016838388848683536123	0.014379498416457902111	0.012453321432867865547	0.01091365485074768871	0.0096621440357718819615	0.0086305534792566126043	0.0077703542990053010357	0.0070463827996412585254	0.0064328931792745477314	0.0059111259976379932159	0.0054679868577694769147	0.0050958462880686266339	0.0047942400849914452435	0.004577297020879689426	0.0045111466573773098136	0.0050226789050675755322
3.6989787664139974061	0.51484938752876887387	0.12470777074592317655	0.077659554222708317877	0.052648585112978473592	0.038305658749838301532	0.029340254306543648595	0.023319712799711471197	0.019056601786280150975	0.015915157222183375216	0.013526915993708076527	0.011665114380225153594	0.010183484959915126117	0.0089840289769683986658	0.0079990142149740182773	0.0071804336671831420684	0.006493601300648781466	0.0059131697678484394049	0.0054206691270956357208	0.0050031400651439322318	0.0046528363626143111354	0.0043686785556741803475	0.0041628985935823956924	0.0040947388968106827252	0.0045485926626719366038
3.4474221839939204928	0.52831388952344913838	0.12430642112456189585	0.076790447306688285213	0.051613234220467881884	0.037267582476689435783	0.02836013413503952502	0.022414742237910491029	0.018227729791624348353	0.015157494529420847084	0.012833758444422298844	0.011029552135901984724	0.009599030123004771317	0.0084448242972701857775	0.0074998606880684279508	0.0067167410943922046327	0.0060613069915673535962	0.0055086425420774906574	0.005040599665274334225	0.0046444036412993678628	0.0043122873326364200094	0.0040427632897474909261	0.0038466828855789326471	0.0037781516339937690799	0.0041897198889131191741
3.2394870532051551963	0.53989591747635555188	0.12379596800028611157	0.075951166056790260187	0.050671383655565237569	0.036348723908275661986	0.027507679954570003551	0.021637916169804010833	0.017523710491239649463	0.01451964860777809082	0.012254670174793797361	0.010502141995300193929	0.0091169269083980418033	0.008002436276382266477	0.0070923279551073350084	0.0063398453484739008672	0.0057113695653144081146	0.0051824206063383792229	0.0047351788387369695936	0.0043570741749629184366	0.0040403706627364515725	0.0037832991201233191076	0.0035956591930039129464	0.0035275533634095976011	0.0039066114962539302371
3.0635170580264834434	0.55004105730374437097	0.12322344815523316573	0.075148231923575826359	0.049809810095600188099	0.035526417507875315305	0.026755763110308971413	0.020960174212260767672	0.016914914016842174085	0.013972177830014288985	0.011760821778094073032	0.010054897933360334948	0.0087101488287097626085	0.0076308439144422632596	0.0067514027762974002351	0.0060257154407574504206	0.0054206963398111648729	0.004912292141609982655	0.0044830061593243545702	0.0041204784712263615176	0.0038170334373674038737	0.0035707017268254679408	0.0033904540203363999222	0.0033231705802732151555	0.0036763422961092963361
2.9118753470108060678	0.55905330215760525546	0.1226168038880307945	0.074383183004495568484	0.049017412044758103073	0.034783771632903014554	0.026084960957986232799	0.02036118004413279866	0.016380933699474399567	0.013495054848297537617	0.011332801748050566305	0.0096691404999332793892	0.0083607949663080746995	0.0073129302211952113527	0.0064607330617131989749	0.005758730496207847145	0.0051743548873058939495	0.0046839641201661260558	0.0042703732903230541668	0.0039214307795793846276	0.0036295375331550754771	0.0033925791752273552428	0.0032188554747148508111	0.0031525873428077580122	0.003484584125628618939
2.7793016729479778446	0.56714955037690314586	0.12199330058564182435	0.073655291335639415674	0.04828499634943903339	0.034107885262294655746	0.025480893747615281267	0.019826154471871780793	0.015907135208660859265	0.013074066929847928944	0.010956953694749569712	0.0093318262139128401695	0.0080564474030267014657	0.007036890682789736474	0.0062091016148055388365	0.0055282268422212405404	0.0049621969915085033036	0.0044877630529147159267	0.0040880382777722226977	0.0037510737074889090846	0.0034693556288186177016	0.0032406631423559790096	0.0030727413890226217204	0.0030075724229608624913	0.003321874667738015575
2.6620282300125737891	0.57449008003835021397	0.12136389908001832417	0.07296281993098328888	0.047604952997729230154	0.033488694939331432322	0.024932622674248579877	0.019344028405355568877	0.01548268174249373968	0.012698784069555138358	0.010623331189825476279	0.0090335166087851895452	0.0077881716162561238466	0.0067942754387675864048	0.0059885160193745754315	0.0053266384249964824358	0.0047770501682135517363	0.0043168764426024607096	0.0039295142133001744375	0.0036032096802998296905	0.0033305386956355039719	0.003109201514108142985	0.002946476739608675195	0.002882430823045700985	0.003181688547115009915
2.5572699376147014938	0.5811967206986686763	0.12073567775854360648	0.072303630694647075903	0.046970952368558241477	0.032918206567355776207	0.024431637838436194439	0.018906304588736650926	0.015099336106900642052	0.012361340765230692299	0.010324483021152588735	0.0087671814060127053241	0.0075493461917153579399	0.0065788504253599891373	0.0057931036518557754059	0.0051484264697744882216	0.0046136815807391409356	0.0041663496672080501226	0.0037900970097233139586	0.0034733566647783565234	0.0032087954853437428462	0.0029940552155929812167	0.0028360162835830749107	0.0027730839450726276917	0.003059365595010250876
2.4629141278516646508	0.58736425520331604709	0.12011324405027474154	0.07167548482437121181	0.046377694185036144713	0.032389969059048800319	0.023971192804526693675	0.018506324381607591975	0.014750699421542036357	0.012055669631044383346	0.010054695240203587736	0.008527456914532912159	0.0073349420509239321085	0.0063858997371547972995	0.0056184380845709924381	0.0049894299080028247023	0.004468171836090417743	0.0040324820138798041336	0.0036662821242499862986	0.0033581835653813043129	0.0031009438950790436348	0.0028921615646008483194	0.0027383729605580168715	0.0026765263401952365521	0.0029514802038086447922
