7.0954793142873638224	0.28186961182070199337	0.14093480591035099669	0.093956537273567331126	0.070467402955175498343	0.056373922364140398674	0.046978268636783665563	0.040267087402957427624	0.035233701477587749171	0.031318845757855777041	0.028186961182070199337	0.025624510165518363034	0.023489134318391832782	0.021682277832361691797	0.020133543701478713812	0.018791307454713466226	0.017616850738793874586	0.016580565401217764315	0.01565942287892788852	0.014835242727405368072
4.7190962706166824504	0.35891281917429710536	0.1609695590503511858	0.098636726194991617385	0.068978185239982248855	0.051954471592851737806	0.041053067802659734744	0.033549062526783844361	0.028110706250382455458	0.024014047092448427017	0.020833652131760150889	0.018304136267131431204	0.01625193485944838749	0.014559085602423722661	0.013142817158846934945	0.011943466355839356663	0.010917024981503828627	0.010030378503024686447	0.0092581713098731964083	0.008580687905399947924
3.8604517419314377351	0.39686345236986671784	0.16758290196101984023	0.098285378340799774372	0.066397862619569925358	0.048605806806602496115	0.037488865769033559321	0.030000637353603172878	0.024677927376924126872	0.020738003485244786358	0.017727700046750163367	0.015368239256888389923	0.01347965949401576803	0.01194114124305445823	0.010668883099618596521	0.0096031365411248253719	0.0087002851282312006458	0.0079278310067860129696	0.0072611231912586590556	0.0066811649096075266482
3.3527000979220325111	0.42300060553786948881	0.17084976078751216598	0.09712708967285644448	0.064072609013327416759	0.046017113324101323909	0.034935754436927624	0.027585606383046904549	0.022430925064619058521	0.018660568128114583206	0.015810330618040384833	0.01359765511974390766	0.011841911056905247681	0.010422918885100495042	0.00925801640764945313	0.00828872560664564859	0.0074726679440746795579	0.0067784832667153268934	0.0061825361569700839996	0.0056667225897797623362
3.0021688198007034209	0.44302959369975155812	0.17263241633945009023	0.095772672982902004907	0.062040814238261829919	0.04392690894452405968	0.03296487856600854	0.025779601147032206835	0.0207916036848979412	0.017175379024810979274	0.014462925453405581763	0.012371779944637846964	0.010722756294939902902	0.0093974701611367548618	0.0083150168837652198848	0.007418500390666003208	0.006666914234676838405	0.0060300677943358903042	0.0054853147722084923172	0.005015385442588259311
2.7397056995691075232	0.45927134670112302836	0.17361529178247695913	0.094396800849755272658	0.060258393674837286403	0.042185441292825038809	0.031373498343769769608	0.024354052976790830492	0.019520456113294073302	0.016040458973241004476	0.01344593679477799457	0.01145632419513810742	0.0098947531606928426537	0.0086450316347314517511	0.0076281609774388578601	0.0067888459774078451862	0.0060874052996647582913	0.0054947395649533593024	0.0049891008670404848919	0.0045539608200410348143
2.5329458454553542138	0.47292049848615390725	0.17411935797392584494	0.093059820427051581046	0.058680319936108763219	0.040700637784243955146	0.030048544998110993984	0.023187673318745491176	0.018494573557321749873	0.015134761875990837884	0.012642002581990861472	0.010738511655198996897	0.0092500923088410135258	0.0080628440024447211373	0.0070996531387535474467	0.0063067503921214697037	0.0056456837849483710693	0.0050883452253394106915	0.004613789060856524719	0.0042061394918519589422
2.3642647536520542309	0.48467857313083143584	0.17431720355997665429	0.091782967109131102562	0.057270021287355109135	0.039412098180628911777	0.028920349634244124141	0.022208319390628664228	0.01764263556343325604	0.014389384535595968226	0.011985362597869095018	0.010155993641720842645	0.0087298622545955826996	0.0075953312096817217239	0.0066770872723412667289	0.0059227839799176257477	0.0052950948947417893482	0.0047668062490191460801	0.0043176873897432596624	0.0039324381185444440604
2.2230684044698039426	0.49499452175528309912	0.17431029349909525134	0.090572176884115946735	0.055998907146287260909	0.038278137895203323083	0.027942951974935588372	0.021369667960079352295	0.016919728471835399255	0.013761592692631998277	0.011435741888012425745	0.0096709909543393404944	0.0082986964627730218913	0.0072094009408141023567	0.0063294852386845445391	0.0056079188836991539413	0.0050084024309218047427	0.0045045291483520246483	0.0040767076184000458709	0.0037101481545363162645
2.1025263040266439184	0.50417374890359989756	0.1741621699190945401	0.089427015432809098192	0.05484463777887976032	0.037268818892820387992	0.02708447068586611782	0.020640276212370671521	0.016295846764091183523	0.013223193096806350713	0.010966843890256642492	0.0092590529920964727019	0.0079338798325197916424	0.0068839407931852902559	0.006037200765001600183	0.0053438436169899393809	0.0047685076032361959718	0.0042855164419116580364	0.0038758530154871402069	0.0035251833629772614344
1.9979968074807571552	0.51243374832703075691	0.17391454584428916601	0.088344396821462625505	0.053789586682857103515	0.036361940998926814958	0.026321917259048552976	0.019997876936952116068	0.015750022838923095561	0.012754692170471790918	0.010560644968211638007	0.0089035453796299852324	0.0076200575825037489666	0.0066047593921261372211	0.0057870935628499580427	0.0051183649792583873849	0.0045640701456795789325	0.0040991965831750094637	0.0037052459067381931027	0.0033682936198653412226
1.9061937552700394184	0.51993504307653117772	0.17359581953994288846	0.087320235897554406044	0.052819672213009388902	0.035540605296592298354	0.02563819530271851742	0.019426162069205645715	0.015267075184552973601	0.012342103628230745933	0.0102043104534571892	0.0085926980205600614734	0.0073464245768402526111	0.0063619181245971615858	0.0055700000498627626936	0.0049230118869392094875	0.0043872381620550141244	0.0039382722495546055843	0.0035580867968411482701	0.0032331274709545529189
1.8247128244081025782	0.52679955875696126539	0.17322589013069536777	0.086350207231620896004	0.051923501729107846832	0.034791664352614517261	0.025020264671377234072	0.018912856739304696751	0.014835690222357212975	0.011975087083216634894	0.0098884134313559586535	0.0083179137463271088876	0.0071051260520359291162	0.0061482221269511608931	0.0053793106781722643079	0.0047516941184155477226	0.0042323829879758218189	0.0037975260030133123037	0.0034295256884770386617	0.0031151642500201857227
1.7517467025970294458	0.53312211535119275694	0.17281902903690822207	0.085430093618729424003	0.051091747171638873868	0.034104698577288081652	0.024457966741676754259	0.018448509297186012033	0.014447232768035805377	0.01164580530926603421	0.0096058502404730454952	0.0080727457143416426926	0.0068902965180173376324	0.0059583182284338655644	0.0052101234847747261041	0.0045999076607105890765	0.0040953524772714474191	0.0036731177890774495459	0.0033160002844779498194	0.0030110897304999822997
1.6859057761600610456	0.53897792450997375084	0.17238566722544001757	0.084555938255936130195	0.050316686155417000274	0.033471318224709609059	0.023943244459203048443	0.018025700628068919896	0.014094977513714337806	0.011348192513104696001	0.0093511510984331535904	0.007852251389268050489	0.0066974558249573228721	0.0057881307608335888768	0.0050587168650480884213	0.0044642415695719428411	0.003973009148629970309	0.0035621517336275547156	0.0032148289988664086845	0.002918413125196409091
1.6261008678302521775	0.54442765497651197059	0.17193354793885248984	0.083724100919638960703	0.049591860854059330394	0.032884674317240051044	0.023469608185071814875	0.017638510172821456832	0.013773595251039547695	0.011077469028570572817	0.0091200258635222481979	0.0076525692148143092105	0.006523115289936632018	0.0056344951295167185123	0.0049222084046696138811	0.004342059899983354436	0.0038629331680077787376	0.0034623982870537212486	0.0031239505416078260841	0.0028352225570816028523
1.5714640507198173816	0.54952095754797087966	0.17146849281683323315	0.082931267123438879431	0.048911821226035907059	0.03233910781068546235	0.023031760079068605891	0.017282145080424300337	0.013478799284459615176	0.010829809706367379556	0.0089090554726454717975	0.00747063247251974397	0.0063645125991488910006	0.005494912103376462777	0.0047983268576239123757	0.0042312897414930682228	0.0037632249296063476373	0.003372109975799120085	0.0030417516031123470536	0.0027600235693903725347
1.5212936850179501871	0.55429898086022519143	0.17099492429161807864	0.082174434868809710742	0.048271929270233594831	0.031829892710716286957	0.022625323864354534019	0.016952676373347218518	0.013207095937521211452	0.010602111440633273497	0.0087154767757224881974	0.0073039706453297972094	0.0062194284884217966557	0.005367378472090031126	0.0046852554577674097815	0.004130275945293841492	0.0036723700688692719153	0.0032898956862616924052	0.0029669495042576804276	0.0026916293385268905211
1.4750153488946039144	0.55879620667715975172	0.1705162297700299029	0.081450891565345639134	0.047668207980127620416	0.031353044553632264925	0.022246646492118652922	0.016646847263423571676	0.012955604641047424837	0.010391826520003822827	0.0085370290419064884864	0.0071505682942929880235	0.0060860569583585664049	0.005250267521499387785	0.004581521621649096828	0.0040376791051063615845	0.003589144867265640664	0.0032146327337490641706	0.0028985102577742282852	0.0026290841355095265828
1.4321534829897561188	0.56304181465947724142	0.17003502046976831945	0.080758187567729075071	0.047097223444911080816	0.03090517531287205059	0.021892649994684946673	0.016361931291400699901	0.012721925696063688622	0.010196840802162115412	0.0083718422499526230124	0.0070087627362607439247	0.0059629114745832203707	0.0051422428894534686979	0.0044859176485999465269	0.0039524023670995413517	0.0035125485186440820518	0.0031454040091206031668	0.0028355900893001020584	0.0025716087779164507279
1.3923104288581514483	0.56706071455834133454	0.16955331853275809251	0.080094109584358093213	0.046555991831979037993	0.030483381891897467019	0.02156071908482102133	0.01609562560559543592	0.012504041419118416955	0.010015383097018257417	0.0082183543362090513311	0.0068771685067991099968	0.0058487559260884196071	0.005042195320804898025	0.0043974426306158817235	0.0038735379211797600815	0.003441753696563173496	0.0030814521798649412194	0.0027774928862133443313	0.0025185609897742633355
1.3551506779582947518	0.5708743387149761145	0.16907269433736045951	0.079456655526948011886	0.046041905264722670578	0.030085159318259474369	0.021248614675556855667	0.015845969491757932084	0.012300241117620120615	0.0098459567118480207753	0.0080752489179919488885	0.0067546206941359729804	0.0057425529725734972466	0.0049491954626058793385	0.0043152591841051099673	0.0038003272173705362287	0.0033760698603406127682	0.0030221457424043532651	0.0027236386980961576005	0.0024694060913262717987
1.3203888614697529822	0.57450125878339961064	0.16859436862069096626	0.078844011476545036421	0.045552672208243722784	0.029708332375612390322	0.020954406500106702818	0.015611281355382764551	0.01210906337220082435	0.0096872870140086336185	0.0079414077567557121269	0.0066401318125783418274	0.0056434248322536893366	0.0048624581063667558038	0.0042386607362483840398	0.0037321309370162963893	0.0033149155993894846182	0.0029669534701013428884	0.0026735400556245430337	0.0024236949874747981099
1.2877804709708116992	0.57795767152648029862	0.16811928934304325037	0.078254530971264803361	0.045086269109825817587	0.029351001184610040384	0.020676420011515901723	0.015390109393316412812	0.011929251085282167431	0.0095382807553988562835	0.0078158740046878005545	0.0065328585504357658923	0.0055506231185686021829	0.0047813147374842627573	0.0041670464554584517443	0.0036684060162892667099	0.0032577975015046209458	0.0029154249128142053613	0.0026267839177321374368	0.0023810474042873378052
1.2571146029288464065	0.58125778571192925369	0.16764819016593803299	0.077686716580479061635	0.044640900855178409848	0.029011497466304738518	0.02041319409933526908	0.01518119256078137755	0.011759716079600418674	0.0093979941583747862358	0.007697823456245995995	0.0064320758269135217839	0.005463505358186128685	0.0047051922051808972087	0.0040999018032834112336	0.0036086878473823601539	0.0032042938039093170167	0.0028671753270802636829	0.0025830177346480392955	0.0023411389592487169475
1.228208223641298204	0.58441413334238268067	0.16718163537427418041	0.077139203614533918028	0.044214968192628415413	0.028688349078430410689	0.020163447098925996316	0.014983429378259053741	0.011599510932587159996	0.0092656076138513899656	0.0075865418214007190111	0.0063371563322559023273	0.0053815165097817692911	0.0046335959643392020263	0.0040367832780921884608	0.0035525763346568345831	0.0031540416003711782074	0.0028218738965433181779	0.0025419385640981502291	0.0023036910725875326675
1.2009015907665159066	0.58743782231905469847	0.16672005468771295141	0.076610745771192079419	0.043807040711413481817	0.028380251024479831045	0.019926049228106614801	0.014795852776610466742	0.011447806357619686635	0.0091404054293590821347	0.0074814065838890357249	0.0062475542322934640714	0.0053041742725668866729	0.0045660967755913383954	0.0039773063243260933643	0.0034997248578173976393	0.0031067267265490518887	0.0027792344275995603719	0.0025032844820356384445	0.0022684630117826409493
1.1750545647379918472	0.5903387432896515497	0.16626377045096493476	0.076100202508226568669	0.043415834282184706023	0.028086041575197044758	0.019700000055776950284	0.014617609641617803002	0.01130387288318042473	0.0090217594762973053611	0.0073818723895473095013	0.0061627920715670285955	0.0052310572997090652395	0.0045023200515601310971	0.0039211356602475254009	0.0034498314530816326383	0.0030620756863412889522	0.0027390079293382583334	0.0024668277384562494733	0.0022352455570542234426
1.1505436120597799282	0.59312574030338818928	0.16581301902397736409	0.075606527938378120689	0.043040192109065957198	0.027804682463393969646	0.019484409946790629571	0.014447944051309678143	0.011167065895193352846	0.0089091158782931795843	0.0072874591804350003278	0.0060824501587840201763	0.005161795661847079766	0.0044419372493994235011	0.0038679774732590616771	0.0034026317049357539434	0.0030198491505658532442	0.0027009766436531283174	0.002432369255054709625	0.0022038559122755281385
1.1272593517524000654	0.59580675261610728489	0.16536796771874637968	0.075128761058465645152	0.04267906872509092605	0.027535242350545678719	0.019278484675917215237	0.014286183440964412137	0.011036813335189996086	0.0088019840935559276846	0.0071977424849679244764	0.0060061578972666607098	0.0050960630704473866406	0.0043846588612986876213	0.0038175730716487501898	0.0033578929703141159639	0.0029798366790934087371	0.0026649492027018000898	0.0023997341651464400611	0.0021741335825313596299
1.1051045320130547047	0.59838893330626537074	0.16492872828891875226	0.074666017143447071935	0.042331516402099259873	0.02727688294117869571	0.019081512587774360793	0.014131727108416485242	0.010912605513520322547	0.0086999278981139907752	0.0071123454158342762058	0.0059335866529330274743	0.0050335704899560138788	0.0043302286641875085492	0.0037696936825424872531	0.0033154096502269626304	0.0029418524038176979255	0.0026307566709521364652	0.0023687681707750308768	0.0021459370090405488634
1.0839923504699424458	0.60087874910713394341	0.16449536773100676504	0.07421748015578974215	0.041996673553352793328	0.027028847255142085078	0.018892853817341870666	0.013984036604529656835	0.010793986620220124921	0.008602557890521715077	0.0070309320316913980436	0.0058644438477596655127	0.0049740608550928948133	0.0042784189700668454576	0.0037241361595979489346	0.0032749992918702341599	0.0029057314727302578702	0.0025982492873551759565	0.0023393345461236063137	0.002119140802673276468
1.0638450509729740759	0.60328206491378413894	0.16406791697450210587	0.073782396039153990519	0.04167375479028129225	0.026790449670052562496	0.018711931189778055587	0.013842627653106500347	0.010680547608527292017	0.0085095252234701228659	0.0069532017962133708762	0.0057984680375277854918	0.0049173046744153657013	0.0042290266777390377813	0.0036807194184783509104	0.003236499354447590296	0.0028713271017278823334	0.0025672937661256077667	0.0023113116562318460274	0.0020936334544371020439
1.0445927445556667157	0.60560421570240306592	0.16364637790362609314	0.073360066782439693209	0.041362042359759424257	0.026561067424799913352	0.018538222497686894502	0.013707063319948289054	0.010571920195879195448	0.0084205163316844268317	0.006878884926377792092	0.0057354247858106841011	0.0048630963497899570726	0.0041818699710827637433	0.0036392814588440193204	0.0031997645093738834352	0.0028385081153239315266	0.0025377710465753161683	0.0022845908896843468426	0.0020693154289103100954
1.0261724133440292357	0.60785006804537879496	0.16323072905282169131	0.072949845155449885303	0.041060878739479976807	0.026340133335941154909	0.018371253915111351049	0.013576948208551189494	0.010467771780505774706	0.008335248474135864459	0.0068077384661365860696	0.0056751031864182015547	0.0048112510780909075964	0.0041367855425206784387	0.0035996768622880332365	0.0031646643737275026537	0.0028071568834255882545	0.0025095744064755376328	0.0022590749262188197163	0.0020460975673224616943
1.0085270647122598225	0.61002407297611701582	0.16282093024218780531	0.072551130030779578774	0.040769660209537195936	0.026127129526433216675	0.018210594354954504634	0.013451923504535576237	0.010367801112731414181	0.0082534659459212080431	0.00673954295549685209	0.0056173129172756361245	0.0047616022294255246041	0.0040936262458493937088	0.0035617746789927111153	0.0031310815972520709845	0.0027771675810760350002	0.00248260787165568701	0.0022346762770968187501	0.0020238997426817548911
0.99160500956169033733	0.61213031162202085435	0.16241692636134764463	0.072163362218152080981	0.040487831250676181145	0.025921582003637768013	0.018055850613608415397	0.013331662725624472188	0.010271734591898659014	0.0081749368440373408913	0.0066740995911901238085	0.0055618817324158620966	0.0047139991177127564438	0.0040522591022094150466	0.0035254566338027638888	0.0030989102396389910306	0.0027484447131777177608	0.0024567848685007758991	0.0022113160490001384134	0.0020026497213480389037
0.97535924371360469096	0.61417253475996215126	0.16201865046604226189	0.071786020747463074461	0.040214879645616977966	0.025723055953238980655	0.017906663175767381941	0.013215868061207869796	0.010179323084678125515	0.0080994502937854201885	0.0066112277954515953616	0.0055086533171679899686	0.0046683050961323421	0.0040125635981570375296	0.003490615596272213213	0.0030680543875203201393	0.0027209018578856024564	0.0024320270767756942647	0.0021889228921782753825	0.0019822821946966858004
0.95974691541304996725	0.6161541972392265968	0.16162602631764989587	0.071418619545434797397	0.039950332180807474718	0.025531151639411475084	0.017762702575548696138	0.01310426720702014757	0.010090339180087916664	0.0080268140602098012984	0.0065507631253707398993	0.0054574854460228510852	0.0046243959230000268199	0.0039744302266471187317	0.0034571542700454654502	0.0030384269704890205806	0.0026944605914412091146	0.0024082634485752729853	0.0021674321013128569099	0.0019627379516986368591
0.94472886510141912978	0.61807848804987171483	0.16123897046936688829	0.071060704458206338358	0.039693750862955951091	0.025345500820593348979	0.017623666228511345363	0.01299661061753575664	0.010004574812042627844	0.0079568524829446868216	0.0064925554678503523994	0.0054082483939958448798	0.0045821583538804357385	0.0039377592310439550401	0.003424984065412750796	0.0030099487432178702638	0.0026690495643350971106	0.0023854293657540877939	0.0021467848436228048829	0.0019439631688581428662
0.93026922612543327848	0.61994835668031260075	0.1608573939821145161	0.070711850578556210091	0.039444729578558299826	0.025165763605570270567	0.017489275663986376319	0.012892669112344080669	0.0099218391926079898005	0.0078894046839532185062	0.0064364674751969305493	0.0053608235612988750259	0.004541488923870314343	0.003902459519639958788	0.0033940241255808833449	0.0029825474068705828706	0.0026446037043003783558	0.0023634659133582118366	0.0021269274935074670447	0.0019259087983728352553
0.91633507705562795983	0.62176653629962031796	0.16048120383699630182	0.070371659841918127663	0.039202891135999884983	0.024991625687036085382	0.017359274099099034462	0.012792231783747824208	0.0098419570090479030699	0.0078243230065371413635	0.0063823732043435262606	0.0053151022783060842272	0.0045022928904556817264	0.0038684477240219694805	0.0033642004825288423122	0.0029561568478633088173	0.0026210635260981710525	0.002342319250682237194	0.0021078110568106743546	0.0019085300388868835909
0.90289613789937043126	0.62353556421203076691	0.16011030409830247349	0.070039758860040621776	0.038967884639172195609	0.024822795899960614026	0.017233424305575394054	0.01269510416171261467	0.0097647668457451031599	0.0077614716511540875737	0.0063301569291175301482	0.0052709847635542206343	0.0044644833125329393204	0.0038356473793172629841	0.0033354453225805043747	0.0029307164759233919618	0.0025983745316174216206	0.0023219400648490727777	0.002089390670809462495	0.0018917858760043224242
0.88992450379628630544	0.62525779995931760123	0.15974459687087319753	0.069715796965168883945	0.038739383149288235389	0.024659004060429839327	0.017111506728350144231	0.012601106599518271501	0.0096901197985601935307	0.0077007254793737198165	0.0062797121001465025375	0.0052283792121633837974	0.0044279802453644489943	0.0038039882081297057823	0.0033076963452565699576	0.0029061706465186569112	0.00257648668667301724	0.0023022830944391575254	0.0020716251684556024557	0.0018756386819728684639
0.87739441084261255441	0.6269354413877235658	0.15938398308750614819	0.069399444441090369748	0.038517081598014634594	0.024499999047489405179	0.016993317821488596033	0.01251007284936433902	0.009617878254478795269	0.0076419689620179516662	0.0062309404312033585392	0.005187200995831999322	0.0043927100346266965773	0.0037734054930354002647	0.0032808962017420966566	0.0028824681552577267982	0.0025553539631977622775	0.0022833067128184954163	0.0020544766973545974305	0.0018600538657580611219
0.86528202955554225158	0.62857053894752734988	0.1590283631555808252	0.069090390920367373724	0.038300694920406264499	0.024345547096203524019	0.016878668572286877806	0.01242184880202854386	0.0095479148137256194962	0.0075850952513845599595	0.0061837510942275735753	0.0051473719586320965004	0.0043586046954682285415	0.0037438395249962714688	0.0032549920015618684304	0.0028595617939153385831	0.0025349339374009751298	0.0022649725625378079659	0.0020379103855540083643	0.001844999566194893131
0.85356528219806492767	0.63016500845305046836	0.15867763748682891641	0.068788343929650895351	0.038089956380624978945	0.02419543027486252674	0.01676738318884129467	0.012336291368673937494	0.0094801113350867467131	0.0075300053606194049302	0.0061380600080768817549	0.0051088197953478613944	0.0043256013647525941484	0.003715235117085374729	0.0032299348778990144077	0.0028374079594133763087	0.0025151874359983913728	0.0022472452335803992748	0.0020218940475070121512	0.0018304463820999248139
0.84222368076963212728	0.63172064249740325306	0.15833170692994188285	0.06849302756719085296	0.037884616067203817604	0.02404944512321167476	0.016659297930056025253	0.012253267486211693518	0.0094143580881260239473	0.0074766074359147412635	0.006093789208385701071	0.0050714775011718392454	0.0042936418165180632609	0.0036875411745897243704	0.0032056796035053713165	0.0028159663084639320663	0.0024960782238741424541	0.0022300919793880210913	0.0020063979246371485624	0.001816367134206091346
0.8312381829521876461	0.63323912068827777495	0.1579904731222678014	0.068204181298579158808	0.0376844395378071136	0.023907401431873791739	0.016554260060126778155	0.012172653230380946471	0.0093505529984257159852	0.0074248161093757944502	0.0060508662878278532145	0.0050352828832853778605	0.0042626720322190456386	0.0036607103139361057632	0.0031821842503997266025	0.0027951994517142889654	0.0024775727275701317984	0.0022134824655421524202	0.0019913944558025317523	0.0018027366545879104276
0.82059106370368134123	0.6347220188476181441	0.15765383877404840412	0.067921558858427682637	0.037489206596137052797	0.023769121145912909207	0.016452126912107752589	0.012094333023007418971	0.0092886009740186127623	0.0073745519221989308761	0.0060092238976777020262	0.0050001781262711404199	0.0042326418185855763956	0.0036346985240285876202	0.0031594098875832416763	0.0027750726821718833397	0.0024596397898538949403	0.0021973885467620282319	0.0019768580736787539119	0.001789531599910283428
0.81026580052723328883	0.63617081729823244361	0.1573217078963578254	0.067644927247129449641	0.037298710185930907083	0.023634437377827440763	0.016352765047329301181	0.012018198921831045156	0.0092284133028830957049	0.0073257408093092968583	0.0059687993028957729293	0.0049661094044899424377	0.0042035044669958820505	0.0036094648645376524821	0.003137320311860400195	0.0027555537334669198259	0.0024422504513268222196	0.0021817840685315860586	0.0019627650236780325934	0.0017767302853861838537
7.5507872488208327665	0.34664525933767862786	0.12293920703519833071	0.083983166297463047614	0.063196693213959353753	0.050628587813870804506	0.042257915735179571328	0.036288575413156768761	0.03182146783565293638	0.028358193760570771125	0.02560061403565737956	0.023360218426464084824	0.021513144220130882368	0.019976506264104865108	0.018695979977381404238	0.017640829675283520082	0.016807141564580640291	0.016240201903051541603	0.016148652413147865823	0.017897645077467604172
5.4011222369664913206	0.41881188867047778557	0.13234056302712281438	0.085749575968377093255	0.061357355764522496684	0.046984276921997012167	0.037653050152013849064	0.031156847664690749885	0.026403519221223658554	0.0227945307709718989	0.019975597329047491895	0.017724639496335011951	0.015896388991079377189	0.014393104127062519098	0.013148612559202651287	0.012120269520427063667	0.011287716360232192168	0.010664111959167136737	0.010362397498369051881	0.011175553997680145837
4.5181298250489597347	0.45592942441716846863	0.134779679727736511	0.084978218563880553184	0.059240746506769234416	0.044335237969355281377	0.034820551377227227053	0.028299376306696083755	0.023596080624796238646	0.020072279054021104838	0.017353406720263383792	0.0152065739169880132	0.013480486003829072697	0.012073775450546251797	0.01091765517150524543	0.0099667847375163332521	0.0091965491619105444004	0.0086106743096242842137	0.0082919614900788633782	0.0088505384900873049563
3.9742936264400280785	0.48162469104133369749	0.13549963337768569416	0.083829802387008280641	0.057388871779150864729	0.042277309432370607139	0.032753747863463882833	0.02630221953023253202	0.021698318316781939288	0.01828225093435173252	0.015669711038695545848	0.013623379242637774134	0.01199001699221823307	0.010667430467687826339	0.0095863696080200959976	0.0087008265312468036596	0.0079845442694168150562	0.0074367093198809444757	0.0071243373419608774921	0.0075598305258558531635
3.5899188423699669023	0.50131579204559273405	0.13551120662928364584	0.08262899538858037437	0.055782176857210091026	0.040602724751305300752	0.031134600353051974822	0.02478003239698996312	0.020283145750412486163	0.016971627794473969358	0.014456314250258432443	0.012498281587286222328	0.010944063484979654402	0.0096917519423851811878	0.0086724466922511190657	0.0078402238042664957765	0.007168179260414776874	0.0066529085115899886009	0.0063515393095407111777	0.0067139891901268787622
3.2974468244514716388	0.51725914190004861705	0.13517617822842418023	0.081462555627247623109	0.054374538655364223536	0.03919679801833196694	0.029811232617646392881	0.02356051467461230378	0.019167454646050319513	0.015952261363328504313	0.013523571880605966137	0.011642323756949802047	0.010155662146551949758	0.0089624739966483806137	0.0079945610576949515238	0.0072064089787543967228	0.0065709276185582727539	0.0060830910367142648929	0.0057931933240421348666	0.0061071104724257492856
3.0642633238577530568	0.53062944012871800844	0.134657414374271328	0.080355941135773971287	0.053127249178453206442	0.037989521143341056888	0.02869799077390765547	0.022550475775238773693	0.018254996303897963417	0.01512740985829357005	0.012775734467837412991	0.010961592073809660132	0.0095331778950787404577	0.0083904171120709562493	0.007465969442512608885	0.0067148776904187058509	0.006110101359540261099	0.0056455400588036722562	0.0053664563196113625565	0.0056456949084210858608
2.8722174561906627644	0.54212089974279456474	0.13403824275934932107	0.07931464784679524085	0.052010601870201919252	0.036934960792572140127	0.027741543763489345064	0.021693619028382499619	0.017488861818663693789	0.014440832824053587612	0.012157920372079220085	0.010402913214771045742	0.0090252896338597003213	0.007926124984664308896	0.0070389991857071915163	0.0063195757150788036223	0.0057409905772311543771	0.0052964036912091495406	0.0050272041974297187643	0.0052803679816673949902
2.7102169146433645705	0.55217945548224361003	0.13336490976043370299	0.078337031227393295217	0.051001944470323902022	0.036001332200362299296	0.02690637353741839938	0.020953318457804636891	0.016832654323770346974	0.013857048899841022637	0.01163590117874038039	0.0099334538188813721025	0.0086005876759153978852	0.0075395707539487415239	0.0066849176771669292273	0.0059929335219486578663	0.0054370001328301002759	0.0050097548462505311624	0.0047495044603828961982	0.0049823075743437778158
2.5710149202253384328	0.56110912760960345426	0.13266452457749830705	0.077418933580680989904	0.050083806380903946203	0.035165725104312242363	0.026167628994410258882	0.020304428824778224697	0.016261736139478013618	0.013352312177626001668	0.011186988988359764678	0.0095316322392093580196	0.0082385791578706670584	0.0072112946452239050428	0.0063852174468772584738	0.0057172927315268632662	0.0051811852851984920173	0.0047691568911762533008	0.0045169976219213047933	0.0047334316033446947258
2.449632987177831971	0.56912669012419761944	0.13195357808841892766	0.076555498525740628552	0.049242505118938675705	0.034411083633343024094	0.025507249634344257762	0.019728962922477601083	0.015758692812901487738	0.012910000974697187885	0.010795433068215054912	0.0091825728725314295114	0.0079252285613435282514	0.0069280447864339811429	0.0061273606221276128176	0.0054807478825329239812	0.0049621725716020439109	0.0045636238847265998835	0.0043187943381905987081	0.0045217595772368170074
2.3425138285738978266	0.57639222842988724419	0.13124234305742999225	0.075741904201972840186	0.048467158129022812469	0.033724372482014960266	0.024911707019225044022	0.01921362836952355098	0.015310787710065722447	0.012518060792651521518	0.010449892235804569956	0.0088756313687185587494	0.007650548089886776637	0.006680437762357977895	0.0059025093039621816999	0.0052749415060133334528	0.0047720085727428577643	0.0043855011650448860763	0.004147333964429082124	0.0043390058392460872798
2.2470339702841464625	0.58302735311516338016	0.13053729755196556443	0.074973649496596436949	0.047748984196136577055	0.033095409721068057507	0.024370613806170826276	0.018748338590009565319	0.014908443375109730449	0.01216749437832754807	0.010141955063136631824	0.0086029564875106688153	0.0074072065859021131104	0.0064616160417024155862	0.0057042301175991254459	0.0050938119131884342314	0.0046049439360829261842	0.0042292727328308828926	0.0039971848719283669602	0.0041792380195707487031
2.1612075900401695237	0.58912662333548093641	0.12984252862930543758	0.074246647760324252621	0.047080804344732327879	0.032516094621346078505	0.023875828134580625566	0.018325269235568493432	0.014544290134068221236	0.011851424315274811366	0.0098652281267367341308	0.0083586098164973578745	0.0071896829982063946787	0.0062664352398966569056	0.0055277137473335250059	0.0049328421075170339715	0.0044567070311698241732	0.0040908516550081434218	0.0038643334003827151811	0.0040380853665704301775
2.0834983744432294178	0.59476501461668128677	0.12916057898441782495	0.073557236856546108405	0.046456679938324167509	0.031979880014568346439	0.023420855482114027458	0.017938236701176084979	0.014212545769203538309	0.011564486731077244212	0.0096147502932441971924	0.008138003584820008226	0.006993728555896262722	0.0060909501759482547722	0.0053692835015906533795	0.0047885887026258385286	0.0043240500532730025618	0.0039671381728795805276	0.0037457425677007291026	0.0039122492979128439175
2.0126954983082539156	0.6000029719300138659	0.12849297479012556825	0.072902154143577544382	0.045871646108465289766	0.031481401707071936611	0.023000436747605177062	0.017582275353223364282	0.013908597334448543115	0.011302425527970135206	0.0093866031095019694376	0.0079375286801436826696	0.0068160125690456139395	0.00593207782534898491	0.0052260742596252864425	0.0046583752480209037974	0.0042044545041868855244	0.0038557338599368170345	0.0036390674804649226642	0.0037991888212235090302
1.9478292792742378632	0.60488992989979769281	0.12784056388803306785	0.072278498597641844925	0.045321512371220908819	0.03101621197208533858	0.022610257071260551683	0.017253341933116911724	0.013628711142578981483	0.011061812824941457716	0.0091776438629381468555	0.0077543010099472162621	0.0066538819421552458305	0.0057873693518561898871	0.0050958160728911444701	0.0045400861791217595781	0.0040959338929085722438	0.0037547506683030273572	0.003542465732875101389	0.0036969115863268406379
1.8881122595200516842	0.60946682713901712154	0.12720373743825596589	0.07168369022787719536	0.044802711328517886038	0.030580583906064827311	0.022246735307498163162	0.016948103937482726904	0.013369826677521799784	0.010839851488775730702	0.0089853179795824839978	0.0075859840300092036536	0.0065051935584760265893	0.0056548517697569101115	0.0049766843370904296767	0.0044320245665045962747	0.0039968978906014048665	0.003662679784124325459	0.0034544675098898908969	0.0036038311229533116822
1.8328970832134490669	0.61376794143903936197	0.12658257794905034371	0.071115431269676881663	0.044312182308901028059	0.030171365186665686815	0.021906868784624924474	0.016663784966434647567	0.013129407004886699654	0.010634232588727555406	0.008807524231297721823	0.0074306617452043980564	0.0063681947613813047113	0.0055329154012212734733	0.0048671936056261155935	0.0043328115656651861663	0.0039060565426762744142	0.0035782993661074701136	0.0033738844067883589231	0.0035186668760247674792
1.7816457636779414891	0.61782225490241493224	0.12597695968686230844	0.070571670943411260618	0.043847280766302872539	0.029785866993372246432	0.021588116829585512314	0.016398049638774845358	0.012905328148106977224	0.010443030517148616635	0.0086425159867330749189	0.0072867460169705562879	0.0062414364087109424614	0.0054202322462296256214	0.0047661207744244248464	0.0042413138555222483276	0.0038223512986945671391	0.0035006082539452088511	0.0032997440473296674961	0.0034403726854601121448
1.7339068545391249577	0.62165448657565974372	0.12538661765043787831	0.070050574283992826035	0.043405706928165472007	0.029421778421813667455	0.021288312020905195403	0.01614891656442714412	0.012695795916795694447	0.010264624508128080046	0.0084888276120490050762	0.0071529077170257084363	0.006123708491833112683	0.0053156957022035932545	0.0046724484964301144358	0.0041565903059225866162	0.003744904423998724491	0.003428777438344293069	0.0032312423088811780368	0.003368084632985982444
1.6892982190700754874	0.6252858853071597005	0.12481119542366314182	0.069550494956348893515	0.042985449012333387703	0.02907709968882985072	0.021005591630321061972	0.015914691582609013359	0.012499282445029461779	0.010097639017175621584	0.0083452187671550783478	0.0070280247887360620435	0.0060139917034879510277	0.00521837533125446772	0.0045853228180646695417	0.0040778521322062166858	0.003672981276440296967	0.0033621139370601214907	0.0031677078214958030249	0.0033010823606292002451
1.6474938374870598416	0.62873484669848418238	0.12425027861939258312	0.069069951721427950881	0.042584737600709076021	0.028750089394669384462	0.020738343999139337334	0.01569391588134785572	0.012314477122118506885	0.0099408978111385100735	0.0082106316605213461311	0.0069111425110772342946	0.0059114204824781364208	0.005127482427450119047	0.0045040209989722259561	0.0040044326860064996326	0.0036059617566521286197	0.0033000335005970708792	0.0031085751868802969348	0.0032387599409375551141
1.6082135748042023846	0.6320173989976613917	0.12370341836320377111	0.06860760813325462754	0.042202008650446209411	0.028439222443191036317	0.020485166122076185373	0.015485325207986445085	0.01214024819412492336	0.0097933881799250157679	0.008084157836549352868	0.0068014427111313950847	0.0058152544516160441831	0.0050423434630346472084	0.004427926744394014389	0.003935764246356869746	0.0035433184101485110579	0.0032420397092792204377	0.0030533644986961628242	0.0031806036369241765806
1.5712151515960464037	0.6351475899781638425	0.12317014781422760288	0.068162255042676561907	0.041835873260280510413	0.028143156142044155941	0.020244829751454941574	0.015287817457619665373	0.011975612386490056436	0.0096542327263924818416	0.0079650120758820496395	0.0066982196342393757907	0.0057248560841397316815	0.0049623793680522686464	0.0043565109143493990336	0.0038713599732347848878	0.0034845994263865429873	0.0031877077679308888725	0.0030016654870734490047	0.003126174709361690444
1.5362877760127259095	0.63813779806037267242	0.12264999377153736311	0.067732795513887097947	0.041485092769665327561	0.027860702651279905128	0.020016254055957815823	0.015100426667960004012	0.011819710632056752843	0.0095226669028328578439	0.0078525116723953969095	0.0066008608328432512169	0.0056396730539264764991	0.0048870891872252889549	0.0042893163345170204966	0.003810799720553307815	0.0034294152928764987401	0.0031366718015147891071	0.002953125104369948204	0.0030750959742282254278
1.5032470439669135891	0.64099898479719231943	0.12214248478427182698	0.067318231803534875941	0.041148558104759873041	0.027590806409531342851	0.019798483376522559466	0.014922301968150803224	0.01167178849980279705	0.0093980209562455028591	0.0077460598228052683371	0.0065088318841508979906	0.0055592241508784361076	0.004816037061906505446	0.0042259457171865428435	0.0037537187706917020714	0.0033774282119010357149	0.0030886147931660133658	0.0029074377047239238708	0.0030270411825777735202
1.4719308183050785166	0.64374090149394745539	0.12164715675855397973	0.066917654098455888724	0.040825272534049890629	0.027332525499794509527	0.019590668985615318921	0.014752690397874014835	0.011531180280985539702	0.0092797052923855396084	0.0076451321963304911318	0.0064216640611436395616	0.0054830879403539638558	0.0047488417663722604834	0.0041660519672726593342	0.0036997988060124121626	0.003328343629507437985	0.0030432605398992186567	0.0028643372016415568564	0.0029817265498042229003
1.44219587152568328	0.64637225960144884885	0.12116355676363808821	0.066530230751782605307	0.040514337182255499485	0.027085016160492129593	0.01939205401975418782	0.014590922778867414905	0.011397295948605836676	0.0091671985171132204776	0.0075492659880057882464	0.0063389443047989777854	0.0054108935563632751057	0.0046851682267633107019	0.0041093303365750661398	0.003648760611325005119	0.0032819033967444309413	0.0030003671655082105585	0.0028235907503541163558	0.0029389039396039877022
1.4139151296870162305	0.64890087223798680689	0.12069124553858047188	0.066155199796357145749	0.040214938791467494706	0.026847519827949126165	0.019201960948694387854	0.014436402014937438226	0.011269610394459785759	0.0090600375935391764961	0.0074580509297312940113	0.0062603070062351238075	0.005342313169731557035	0.0046247205936940576123	0.0040555120241556843125	0.0036003581288048381078	0.0032378802046119157739	0.0029597218471779501894	0.0027849936172742455632	0.0028983553346114997455
1.3869753938394110331	0.65133377251089209239	0.12022979905997423974	0.065791861548445203773	0.039926339325322530044	0.026619352231516775097	0.019019781088399167892	0.014288593339804692945	0.011147654486579631613	0.0089578096853784131585	0.0073711218577632393942	0.0061854272247543563827	0.0052770557826467928328	0.0045672365431833874355	0.0040043589183392165392	0.0035543735791867283138	0.0031960730219974494137	0.0029211364967700929794	0.0027483649821971598952	0.0028598883168488304243
